Date,Open Price,High,Low,Close Price,Volume,
13/03/2015 00:00:00,9.5000,9.5370,9.4500,9.5000,99533
12/03/2015 00:00:00,9.6500,9.7600,9.4230,9.4700,163459
11/03/2015 00:00:00,9.2500,9.6050,9.2500,9.5900,142946
10/03/2015 00:00:00,9.6160,9.6160,9.1900,9.1900,258437
09/03/2015 00:00:00,9.8600,9.8600,9.5110,9.5300,178428
06/03/2015 00:00:00,9.8000,9.9290,9.7600,9.7700,229070
05/03/2015 00:00:00,9.7000,9.7500,9.6000,9.7500,117911
04/03/2015 00:00:00,9.7890,9.7900,9.4960,9.5490,191166
03/03/2015 00:00:00,9.2000,9.7800,9.2000,9.5500,404995
02/03/2015 00:00:00,10.0000,10.1000,9.0250,9.1860,727045
27/02/2015 00:00:00,9.9600,10.1750,9.8180,9.9630,529851
26/02/2015 00:00:00,11.4800,11.4800,9.8000,9.9630,1353480
25/02/2015 00:00:00,11.3500,11.4000,11.1800,11.4000,157560
24/02/2015 00:00:00,11.3500,11.3550,11.1950,11.3300,134888
23/02/2015 00:00:00,11.1700,11.3500,11.0600,11.2300,130111
20/02/2015 00:00:00,11.2000,11.2000,10.9300,11.0550,135440
19/02/2015 00:00:00,11.4000,11.4800,11.0900,11.1700,175321
18/02/2015 00:00:00,11.1000,11.4600,11.1000,11.2600,162213
17/02/2015 00:00:00,10.8600,11.1500,10.7400,11.0350,179856
16/02/2015 00:00:00,10.8300,10.8700,10.8000,10.8500,45020
13/02/2015 00:00:00,10.8800,10.8800,10.6700,10.8000,131049
12/02/2015 00:00:00,10.7200,10.8800,10.7000,10.8700,104959
11/02/2015 00:00:00,10.8400,10.8400,10.6600,10.6900,86488
10/02/2015 00:00:00,10.6100,10.8000,10.5000,10.7950,95043
09/02/2015 00:00:00,10.7500,10.7600,10.4550,10.6200,142439
06/02/2015 00:00:00,10.5500,10.7900,10.4000,10.6700,192505
05/02/2015 00:00:00,10.4850,10.5350,10.3500,10.5100,106209
04/02/2015 00:00:00,10.5500,10.5500,10.3000,10.4650,140564
03/02/2015 00:00:00,10.5400,10.6000,10.4150,10.4400,118374
02/02/2015 00:00:00,10.5500,10.6200,10.4300,10.4900,130026
30/01/2015 00:00:00,10.5000,10.5400,10.4000,10.4600,108139
29/01/2015 00:00:00,10.5200,10.5200,10.3050,10.4500,127968
28/01/2015 00:00:00,10.5000,10.5700,10.3500,10.5200,160312
27/01/2015 00:00:00,10.5850,10.5850,10.4000,10.4600,270446
26/01/2015 00:00:00,10.0750,10.5900,10.0750,10.4500,422915
23/01/2015 00:00:00,9.9490,10.1200,9.8810,10.0000,328455
22/01/2015 00:00:00,9.9800,9.9870,9.7100,9.8500,136351
21/01/2015 00:00:00,9.9000,9.9990,9.7990,9.9000,225316
20/01/2015 00:00:00,9.8500,9.9000,9.7020,9.7300,130888
19/01/2015 00:00:00,9.7000,9.8500,9.7000,9.8500,121278
16/01/2015 00:00:00,9.5500,9.6500,9.4500,9.6500,96426
15/01/2015 00:00:00,9.5110,9.6000,9.3810,9.5400,72087
14/01/2015 00:00:00,9.3500,9.5400,9.2600,9.5110,65775
13/01/2015 00:00:00,9.3710,9.4610,9.2100,9.4600,77996
12/01/2015 00:00:00,9.3900,9.5390,9.2600,9.2600,139445
09/01/2015 00:00:00,9.2780,9.3500,9.1700,9.3400,94009
08/01/2015 00:00:00,9.1750,9.2810,9.1060,9.1700,68928
07/01/2015 00:00:00,9.0600,9.1590,9.0000,9.0000,88346
06/01/2015 00:00:00,9.3230,9.3800,9.0000,9.0000,111412
05/01/2015 00:00:00,9.3490,9.4500,9.2500,9.2600,83960
02/01/2015 00:00:00,9.0850,9.2500,9.0400,9.2400,89516
01/01/2015 00:00:00,9.0900,9.0900,9.0100,9.0400,20534
31/12/2014 00:00:00,9.0900,9.0900,9.0100,9.0400,20534
30/12/2014 00:00:00,9.1200,9.1310,9.0220,9.0900,38665
29/12/2014 00:00:00,9.1900,9.1900,9.0600,9.1260,66657
24/12/2014 00:00:00,9.1000,9.2000,9.1000,9.1900,17553
23/12/2014 00:00:00,9.2500,9.2500,9.0500,9.0500,54910
22/12/2014 00:00:00,9.1500,9.2600,9.0700,9.2300,69821
19/12/2014 00:00:00,9.2000,9.2490,9.0400,9.0600,45459
18/12/2014 00:00:00,8.8940,9.1990,8.8940,9.1800,108813
17/12/2014 00:00:00,8.8500,8.8950,8.6200,8.8100,63393
16/12/2014 00:00:00,8.8690,8.9000,8.6200,8.7100,151736
15/12/2014 00:00:00,9.0000,9.0830,8.9000,8.9000,128594
12/12/2014 00:00:00,9.1250,9.1250,8.9500,8.9500,87644
11/12/2014 00:00:00,9.1700,9.2000,9.0100,9.1000,82269
10/12/2014 00:00:00,9.1200,9.3000,9.1000,9.2000,101423
09/12/2014 00:00:00,9.3400,9.4000,8.9910,9.0820,113127
08/12/2014 00:00:00,9.2000,9.3200,9.0200,9.3200,116316
05/12/2014 00:00:00,9.0510,9.1340,9.0060,9.1090,47476
04/12/2014 00:00:00,9.2400,9.2490,9.0000,9.0400,83963
03/12/2014 00:00:00,9.0200,9.2360,9.0200,9.2000,121841
02/12/2014 00:00:00,8.9000,9.0500,8.8800,9.0000,82777
01/12/2014 00:00:00,8.9500,8.9500,8.8320,8.9000,49558
28/11/2014 00:00:00,8.9490,8.9500,8.7150,8.9400,84290
27/11/2014 00:00:00,8.9500,8.9500,8.8530,8.9490,54301
26/11/2014 00:00:00,8.9250,8.9800,8.7000,8.9100,151668
25/11/2014 00:00:00,8.7700,8.8500,8.7090,8.8500,97177
24/11/2014 00:00:00,8.5100,8.7500,8.5100,8.7240,154448
21/11/2014 00:00:00,8.2140,8.4890,8.2140,8.4840,102327
20/11/2014 00:00:00,8.3900,8.4000,8.2300,8.2400,41217
19/11/2014 00:00:00,8.4400,8.5000,8.2110,8.2890,165410
18/11/2014 00:00:00,8.0900,8.3700,8.0150,8.3640,112841
17/11/2014 00:00:00,7.9900,8.0900,7.9200,8.0890,37024
14/11/2014 00:00:00,8.0820,8.1500,7.9400,7.9480,49802
13/11/2014 00:00:00,7.9200,8.0900,7.9010,8.0070,71831
12/11/2014 00:00:00,8.0000,8.0400,7.8500,7.8500,46508
11/11/2014 00:00:00,8.0490,8.0500,7.9900,7.9900,25399
10/11/2014 00:00:00,8.0100,8.0400,7.9900,8.0000,19758
07/11/2014 00:00:00,8.0000,8.0890,7.9800,8.0200,36075
06/11/2014 00:00:00,7.9000,8.0000,7.8500,8.0000,34792
05/11/2014 00:00:00,7.9000,7.9640,7.8320,7.9200,27021
04/11/2014 00:00:00,8.1200,8.1890,7.8810,7.8890,34058
03/11/2014 00:00:00,8.0950,8.1200,8.0000,8.0730,44572
31/10/2014 00:00:00,7.8710,7.9910,7.8060,7.9900,40826
30/10/2014 00:00:00,7.9030,8.0000,7.7400,7.7700,50246
29/10/2014 00:00:00,8.0000,8.1000,7.7900,7.8730,54299
28/10/2014 00:00:00,7.9500,7.9500,7.7900,7.7960,40569
27/10/2014 00:00:00,8.2500,8.2500,7.8610,7.8770,63349
24/10/2014 00:00:00,8.2500,8.2500,8.0100,8.0190,42291
23/10/2014 00:00:00,8.2900,8.3300,8.1850,8.2070,64659
22/10/2014 00:00:00,8.0000,8.2500,8.0000,8.2130,78007
21/10/2014 00:00:00,7.9730,8.0000,7.8700,7.9860,33616
20/10/2014 00:00:00,8.0000,8.0000,7.8500,7.8620,44556
17/10/2014 00:00:00,7.6900,8.1300,7.6900,7.9440,112718
16/10/2014 00:00:00,7.9000,7.9900,7.5110,7.6220,173663
15/10/2014 00:00:00,8.1500,8.1790,7.6900,7.9000,225699
14/10/2014 00:00:00,7.9100,8.1000,7.7500,8.0470,238210
13/10/2014 00:00:00,7.6000,7.6850,7.4000,7.6190,106682
10/10/2014 00:00:00,7.9500,8.1020,7.6000,7.8130,92863
09/10/2014 00:00:00,8.2190,8.2490,7.8300,7.9520,76751
08/10/2014 00:00:00,8.2500,8.2950,8.0180,8.1190,85042
07/10/2014 00:00:00,8.3970,8.3970,8.2330,8.2720,48381
06/10/2014 00:00:00,8.3500,8.4280,8.3000,8.3500,28902
03/10/2014 00:00:00,8.3500,8.4230,8.2510,8.3920,41562
02/10/2014 00:00:00,8.4500,8.4630,8.2980,8.2980,51241
01/10/2014 00:00:00,8.4690,8.4800,8.4200,8.4800,45219
30/09/2014 00:00:00,8.3500,8.4700,8.2800,8.4430,58242
29/09/2014 00:00:00,8.3000,8.3770,8.2710,8.3490,40137
26/09/2014 00:00:00,8.2900,8.3980,8.2600,8.2780,21272
25/09/2014 00:00:00,8.2900,8.3980,8.2700,8.2900,71426
24/09/2014 00:00:00,8.3010,8.3500,8.2300,8.3310,38945
23/09/2014 00:00:00,8.3100,8.3890,8.2610,8.3250,45763
22/09/2014 00:00:00,8.4160,8.4160,8.2210,8.2770,30508
19/09/2014 00:00:00,8.3220,8.4500,8.3200,8.4020,43637
18/09/2014 00:00:00,8.1990,8.2800,8.1020,8.2800,57180
17/09/2014 00:00:00,8.1710,8.2230,8.0300,8.1160,36359
16/09/2014 00:00:00,8.2300,8.2720,8.1000,8.1200,57209
15/09/2014 00:00:00,8.2220,8.3080,8.2100,8.2320,46433
12/09/2014 00:00:00,8.2470,8.2800,8.1720,8.2240,29034
11/09/2014 00:00:00,8.2200,8.3000,8.1390,8.2000,27242
10/09/2014 00:00:00,8.2500,8.3000,8.1500,8.2010,52816
09/09/2014 00:00:00,8.5000,8.5900,8.2560,8.2580,58074
08/09/2014 00:00:00,8.6000,8.6000,8.5000,8.5000,36314
05/09/2014 00:00:00,8.7000,8.7200,8.5600,8.6150,45862
04/09/2014 00:00:00,8.6900,8.7700,8.6800,8.6860,31900
03/09/2014 00:00:00,8.8250,8.8300,8.6900,8.7310,46179
02/09/2014 00:00:00,8.7500,8.8690,8.7500,8.7900,114801
01/09/2014 00:00:00,8.6800,8.7500,8.6800,8.7490,39754
29/08/2014 00:00:00,8.7000,8.7000,8.5000,8.6000,63061
28/08/2014 00:00:00,8.8790,8.9120,8.7140,8.7200,84838
27/08/2014 00:00:00,8.6990,8.7700,8.6790,8.7700,64148
26/08/2014 00:00:00,8.5690,8.6800,8.5000,8.6800,43002
25/08/2014 00:00:00,8.5190,8.5600,8.4340,8.5600,23380
22/08/2014 00:00:00,8.5790,8.5790,8.3660,8.3710,30935
21/08/2014 00:00:00,8.3720,8.5890,8.3590,8.5400,47960
20/08/2014 00:00:00,8.3500,8.4150,8.2200,8.3890,32993
19/08/2014 00:00:00,8.1200,8.4200,8.0900,8.3700,49302
18/08/2014 00:00:00,8.2300,8.2600,8.0500,8.1000,37646
15/08/2014 00:00:00,8.2970,8.3200,8.1650,8.1650,19936
14/08/2014 00:00:00,8.3370,8.3370,8.2100,8.2240,39346
13/08/2014 00:00:00,8.1800,8.4790,8.1400,8.2500,74424
12/08/2014 00:00:00,8.0890,8.2700,8.0700,8.1190,59210
11/08/2014 00:00:00,7.8300,8.1000,7.8300,8.0630,52402
08/08/2014 00:00:00,7.8310,7.9000,7.6800,7.6850,104369
07/08/2014 00:00:00,8.0500,8.1100,7.8900,7.9430,54857
06/08/2014 00:00:00,8.1800,8.3500,7.7700,8.0500,142816
05/08/2014 00:00:00,8.3100,8.4300,8.1600,8.1820,63289
04/08/2014 00:00:00,8.7370,8.7390,8.2110,8.2390,163679
01/08/2014 00:00:00,8.7200,8.8190,8.6010,8.7000,228460
31/07/2014 00:00:00,8.8530,8.8910,8.6630,8.8000,66218
30/07/2014 00:00:00,8.9130,8.9600,8.8000,8.8700,67392
29/07/2014 00:00:00,8.8890,8.9700,8.8230,8.9600,45297
28/07/2014 00:00:00,9.1900,9.1900,8.8100,8.8610,65379
25/07/2014 00:00:00,8.9470,9.1940,8.8900,9.1940,172230
24/07/2014 00:00:00,8.8300,9.0000,8.8100,8.9140,68548
23/07/2014 00:00:00,8.7400,8.8320,8.6720,8.8100,74894
22/07/2014 00:00:00,8.7500,8.8040,8.6860,8.7100,45419
21/07/2014 00:00:00,8.7500,8.8110,8.6860,8.7000,39333
18/07/2014 00:00:00,8.9500,8.9500,8.7110,8.7500,67040
17/07/2014 00:00:00,8.9170,9.0300,8.7500,9.0010,68201
16/07/2014 00:00:00,8.8890,8.9900,8.7520,8.8470,57016
15/07/2014 00:00:00,9.0300,9.0300,8.7700,8.8990,54584
14/07/2014 00:00:00,8.9500,9.0380,8.7900,8.9520,41181
11/07/2014 00:00:00,8.9010,9.0840,8.7860,8.9980,54241
10/07/2014 00:00:00,8.9730,8.9800,8.6500,8.9530,116878
09/07/2014 00:00:00,9.0000,9.0790,8.9100,9.0090,32373
08/07/2014 00:00:00,9.1410,9.2760,8.9880,8.9920,41624
07/07/2014 00:00:00,9.2300,9.3300,9.1300,9.3100,76806
04/07/2014 00:00:00,9.3900,9.4000,9.2000,9.3100,31696
03/07/2014 00:00:00,9.0000,9.3970,9.0000,9.3400,72123
02/07/2014 00:00:00,8.9180,9.1550,8.9000,8.9500,79125
01/07/2014 00:00:00,8.8000,9.0100,8.7000,8.8920,367832
30/06/2014 00:00:00,9.0095,9.0000,9.0000,9.0000,0
27/06/2014 00:00:00,9.2190,9.2190,8.9950,9.0000,41409
26/06/2014 00:00:00,9.2190,9.2500,8.8500,9.1030,72836
25/06/2014 00:00:00,9.4000,9.4100,8.8500,9.1350,177714
24/06/2014 00:00:00,9.5200,9.5610,9.4000,9.4040,103027
23/06/2014 00:00:00,9.6400,9.6670,9.5000,9.5160,122011
20/06/2014 00:00:00,9.4330,9.6800,9.4330,9.6190,71420
19/06/2014 00:00:00,9.7490,9.7900,9.3790,9.4140,168550
18/06/2014 00:00:00,9.8010,9.8010,9.5000,9.6300,128089
17/06/2014 00:00:00,9.3200,9.8800,9.2810,9.8340,525268
16/06/2014 00:00:00,9.2100,9.2100,9.0320,9.0430,34992
13/06/2014 00:00:00,9.2700,9.3320,9.1010,9.2090,64885
12/06/2014 00:00:00,9.2690,9.4000,9.1300,9.2500,69566
11/06/2014 00:00:00,9.4480,9.4480,9.0700,9.1440,36515
10/06/2014 00:00:00,9.3190,9.4900,9.3190,9.3720,30881
09/06/2014 00:00:00,9.3800,9.4300,9.2860,9.4300,27340
06/06/2014 00:00:00,9.3000,9.3100,9.1750,9.3050,30868
05/06/2014 00:00:00,9.1500,9.2600,9.1000,9.1800,42974
04/06/2014 00:00:00,9.3500,9.3500,9.1120,9.1420,52724
03/06/2014 00:00:00,9.1000,9.4500,9.1000,9.2110,135295
02/06/2014 00:00:00,8.9920,9.1000,8.9000,9.1000,87246
30/05/2014 00:00:00,8.9000,9.0000,8.8500,8.8630,69296
29/05/2014 00:00:00,8.9500,8.9500,8.7800,8.9300,48744
28/05/2014 00:00:00,8.9900,8.9960,8.8500,8.9300,45702
27/05/2014 00:00:00,8.8900,8.9800,8.8500,8.9500,41539
26/05/2014 00:00:00,8.6500,8.8500,8.6500,8.8400,20675
23/05/2014 00:00:00,8.6820,8.8000,8.6690,8.6830,34242
22/05/2014 00:00:00,8.6470,8.7500,8.6470,8.6800,25534
21/05/2014 00:00:00,8.6600,8.7400,8.5670,8.6000,35671
20/05/2014 00:00:00,8.6200,8.7000,8.5200,8.5810,31448
19/05/2014 00:00:00,8.5000,8.7310,8.5000,8.5530,34361
16/05/2014 00:00:00,8.6500,8.7300,8.4810,8.5270,68106
15/05/2014 00:00:00,8.8500,8.9400,8.6400,8.6500,61597
14/05/2014 00:00:00,9.0300,9.0760,8.8010,8.8100,96114
13/05/2014 00:00:00,9.0860,9.1000,8.9000,8.9630,71324
12/05/2014 00:00:00,8.9800,9.0500,8.8900,8.9780,83230
09/05/2014 00:00:00,8.8500,8.9360,8.8000,8.9360,35590
08/05/2014 00:00:00,8.7630,8.9090,8.7000,8.8310,45117
07/05/2014 00:00:00,9.0120,9.0500,8.7400,8.7400,85242
06/05/2014 00:00:00,8.8100,8.9780,8.7900,8.9780,74312
05/05/2014 00:00:00,8.7300,8.7590,8.5300,8.7590,36037
02/05/2014 00:00:00,8.6010,8.7300,8.5000,8.7000,72896
30/04/2014 00:00:00,8.6180,8.6960,8.4020,8.6100,66854
29/04/2014 00:00:00,8.7500,8.7880,8.5660,8.6280,51933
28/04/2014 00:00:00,8.5300,8.7690,8.5110,8.7200,85739
25/04/2014 00:00:00,8.7360,8.7490,8.5250,8.5610,52098
24/04/2014 00:00:00,8.9120,8.9490,8.6110,8.6890,73198
23/04/2014 00:00:00,9.0000,9.0710,8.8100,8.8500,131963
22/04/2014 00:00:00,8.6970,8.7890,8.6100,8.7510,64705
17/04/2014 00:00:00,8.3080,8.6000,8.2400,8.5800,122934
16/04/2014 00:00:00,8.1650,8.3480,8.1000,8.2780,125668
15/04/2014 00:00:00,8.3510,8.3990,8.0500,8.1300,175326
14/04/2014 00:00:00,8.3070,8.3500,7.7500,8.2500,428287
11/04/2014 00:00:00,8.6500,8.6920,8.3900,8.4100,249848
10/04/2014 00:00:00,9.0000,9.2000,8.7560,8.8020,124896
09/04/2014 00:00:00,9.1200,9.1500,8.5500,8.9500,248012
08/04/2014 00:00:00,9.2930,9.4000,9.0100,9.1200,277067
07/04/2014 00:00:00,9.3170,9.4500,9.1200,9.3800,215941
04/04/2014 00:00:00,9.4600,9.4800,9.2400,9.3500,219621
03/04/2014 00:00:00,9.5200,9.5800,9.4400,9.5000,167377
02/04/2014 00:00:00,9.5900,9.6400,9.4000,9.5400,81985
01/04/2014 00:00:00,9.6000,9.6800,9.2400,9.6100,122678
31/03/2014 00:00:00,9.5300,9.6000,9.4800,9.6000,79793
28/03/2014 00:00:00,9.6900,9.7400,9.4900,9.5500,257534
27/03/2014 00:00:00,9.8000,9.8000,9.6800,9.6900,112985
26/03/2014 00:00:00,9.6300,9.9100,9.5600,9.8900,160734
25/03/2014 00:00:00,9.5300,9.8100,9.5100,9.6300,141987
24/03/2014 00:00:00,9.6800,9.7300,9.4800,9.5400,251179
21/03/2014 00:00:00,9.8600,9.9000,9.6500,9.7300,89032
20/03/2014 00:00:00,9.9700,9.9800,9.7500,9.8800,119732
19/03/2014 00:00:00,9.9700,10.1500,9.8800,10.0000,197355
18/03/2014 00:00:00,9.7500,10.0000,9.7000,10.0000,258319
17/03/2014 00:00:00,9.2800,9.7800,9.2000,9.7200,179850
14/03/2014 00:00:00,9.3000,9.3100,9.1200,9.2400,267168
13/03/2014 00:00:00,9.3700,9.6000,9.3700,9.4700,153221
12/03/2014 00:00:00,9.4600,9.5500,9.2700,9.4000,213070
11/03/2014 00:00:00,9.6000,9.6400,9.4400,9.4700,119808
10/03/2014 00:00:00,9.5900,9.7200,9.5600,9.6300,73604
07/03/2014 00:00:00,9.7500,9.7500,9.5600,9.5900,97481
06/03/2014 00:00:00,9.7000,9.8500,9.7000,9.7200,105843
05/03/2014 00:00:00,9.7600,9.9400,9.6800,9.6800,138776
04/03/2014 00:00:00,9.1600,9.7500,9.1400,9.7200,257065
03/03/2014 00:00:00,9.4000,9.4100,9.0800,9.1300,512199
28/02/2014 00:00:00,9.8300,10.1800,9.2000,9.6700,776798
27/02/2014 00:00:00,9.5000,9.9400,9.3000,9.8400,780747
26/02/2014 00:00:00,9.0300,9.3000,8.9800,9.2600,268085
25/02/2014 00:00:00,9.0600,9.0900,8.9100,9.0000,137563
24/02/2014 00:00:00,8.9200,9.0500,8.9100,9.0400,187844
21/02/2014 00:00:00,9.0000,9.0600,8.9100,8.9100,228898
20/02/2014 00:00:00,9.1200,9.1200,8.8000,8.9500,270058
19/02/2014 00:00:00,8.8400,9.2400,8.8000,9.2000,382611
18/02/2014 00:00:00,8.9300,8.9300,8.7100,8.8500,194555
17/02/2014 00:00:00,8.7000,9.0000,8.6400,8.8900,442495
14/02/2014 00:00:00,8.4600,8.6900,8.4600,8.6000,219789
13/02/2014 00:00:00,8.3800,8.5000,8.3100,8.4500,231412
12/02/2014 00:00:00,8.4900,8.6000,8.3100,8.3600,368160
11/02/2014 00:00:00,8.2800,8.5000,8.2800,8.4900,400740
10/02/2014 00:00:00,7.9700,8.3800,7.9600,8.2100,527068
07/02/2014 00:00:00,7.9400,7.9800,7.8800,7.9700,204854
06/02/2014 00:00:00,7.9500,7.9600,7.8900,7.9000,325721
05/02/2014 00:00:00,7.8500,7.9500,7.7300,7.9000,307342
04/02/2014 00:00:00,7.6500,7.8900,7.5000,7.7900,505302
03/02/2014 00:00:00,7.6000,7.8500,7.5100,7.6800,1688203
31/01/2014 00:00:00,7.2600,7.3000,7.1900,7.2400,34704
30/01/2014 00:00:00,7.2000,7.3200,7.1600,7.2000,63896
29/01/2014 00:00:00,7.2200,7.3400,7.1000,7.1700,84678
28/01/2014 00:00:00,7.1700,7.2300,7.0700,7.1700,164890
27/01/2014 00:00:00,7.3000,7.3100,7.1800,7.2200,125459
24/01/2014 00:00:00,7.3900,7.3900,7.2900,7.3100,81836
23/01/2014 00:00:00,7.4100,7.4300,7.3400,7.3800,83424
22/01/2014 00:00:00,7.4000,7.4400,7.3700,7.3900,86349
21/01/2014 00:00:00,7.4400,7.4400,7.3000,7.3600,124186
20/01/2014 00:00:00,7.4500,7.4800,7.3900,7.4300,105691
17/01/2014 00:00:00,7.4200,7.4500,7.3800,7.4500,159284
16/01/2014 00:00:00,7.5000,7.5000,7.3600,7.4000,87389
15/01/2014 00:00:00,7.3900,7.4700,7.3500,7.4700,111141
14/01/2014 00:00:00,7.1800,7.3600,7.0600,7.3400,165608
13/01/2014 00:00:00,7.6600,7.7600,7.1600,7.2100,625652
10/01/2014 00:00:00,7.4000,7.6500,7.4000,7.6500,358174
09/01/2014 00:00:00,7.3400,7.3900,7.3200,7.3500,89286
08/01/2014 00:00:00,7.3500,7.3800,7.2700,7.3400,127904
07/01/2014 00:00:00,7.2800,7.3400,7.2000,7.3100,115738
06/01/2014 00:00:00,7.1300,7.2600,7.1100,7.2500,165938
03/01/2014 00:00:00,7.1100,7.1500,7.0700,7.0900,67312
02/01/2014 00:00:00,7.0100,7.1800,7.0100,7.1300,108235
31/12/2013 00:00:00,6.9800,7.0700,6.9800,7.0000,72393
30/12/2013 00:00:00,7.0300,7.0400,6.9500,6.9800,48233
27/12/2013 00:00:00,7.1000,7.1000,6.8900,7.0000,81163
24/12/2013 00:00:00,7.0600,7.1200,7.0100,7.1000,20850
23/12/2013 00:00:00,6.9500,7.0800,6.9100,7.0400,231899
20/12/2013 00:00:00,6.8300,6.9300,6.8000,6.9300,47163
19/12/2013 00:00:00,6.7500,6.8900,6.7400,6.8700,70695
18/12/2013 00:00:00,6.7400,6.7500,6.6400,6.7000,115725
17/12/2013 00:00:00,6.7600,6.8000,6.7200,6.7500,70886
16/12/2013 00:00:00,6.8000,6.8000,6.6700,6.7600,204618
13/12/2013 00:00:00,6.8900,6.9000,6.7500,6.7700,93287
12/12/2013 00:00:00,7.0600,7.0700,6.8200,6.8700,161498
11/12/2013 00:00:00,7.1400,7.1400,7.0800,7.0900,60646
10/12/2013 00:00:00,7.2700,7.2700,7.1000,7.1300,123207
09/12/2013 00:00:00,7.3300,7.3400,7.2000,7.2700,185563
06/12/2013 00:00:00,7.1000,7.3400,7.0600,7.2600,257496
05/12/2013 00:00:00,7.2500,7.2500,7.0600,7.0800,120496
04/12/2013 00:00:00,7.3900,7.3900,7.1800,7.2300,56091
03/12/2013 00:00:00,7.4700,7.4700,7.2100,7.2400,95134
02/12/2013 00:00:00,7.5000,7.5500,7.4000,7.4500,144452
29/11/2013 00:00:00,7.2100,7.4700,7.2000,7.4700,237053
28/11/2013 00:00:00,7.1500,7.2000,7.0500,7.2000,58499
27/11/2013 00:00:00,7.0700,7.1400,6.8500,7.1000,200421
26/11/2013 00:00:00,6.9800,7.0800,6.8200,7.0800,250232
25/11/2013 00:00:00,6.9000,7.0000,6.8100,6.8600,136152
22/11/2013 00:00:00,7.0100,7.0900,6.6000,6.8100,367280
21/11/2013 00:00:00,7.2500,7.2600,6.8700,7.0000,356501
20/11/2013 00:00:00,7.4000,7.4500,7.2500,7.2600,173605
19/11/2013 00:00:00,7.4000,7.5500,7.3000,7.3500,410134
18/11/2013 00:00:00,7.2700,7.3000,7.2000,7.2600,58846
15/11/2013 00:00:00,7.3700,7.3900,7.2600,7.3000,118247
14/11/2013 00:00:00,7.3100,7.4000,7.2000,7.3700,142359
13/11/2013 00:00:00,7.3000,7.3600,7.2300,7.2600,86298
12/11/2013 00:00:00,7.3200,7.3900,7.2600,7.3300,68046
11/11/2013 00:00:00,7.3000,7.3800,7.2000,7.3200,127775
08/11/2013 00:00:00,7.3500,7.3700,7.2500,7.2600,90501
07/11/2013 00:00:00,7.3900,7.4500,7.3500,7.3600,120507
06/11/2013 00:00:00,7.4000,7.4100,7.3000,7.3800,81225
05/11/2013 00:00:00,7.3500,7.3900,7.3000,7.3200,76028
04/11/2013 00:00:00,7.3000,7.3800,7.2200,7.3200,97980
01/11/2013 00:00:00,7.2600,7.2900,7.2100,7.2700,57013
31/10/2013 00:00:00,7.3800,7.4000,7.2200,7.2300,128493
30/10/2013 00:00:00,7.3900,7.4000,7.2500,7.2800,100686
29/10/2013 00:00:00,7.4400,7.4600,7.3200,7.3700,89305
28/10/2013 00:00:00,7.3800,7.4600,7.3100,7.3600,67749
25/10/2013 00:00:00,7.4300,7.4400,7.3000,7.3400,113961
24/10/2013 00:00:00,7.4500,7.4800,7.3500,7.3900,105269
23/10/2013 00:00:00,7.2200,7.4400,7.1800,7.4100,122594
22/10/2013 00:00:00,7.7000,7.7000,7.2500,7.2600,218752
21/10/2013 00:00:00,7.8000,7.8000,7.6000,7.6200,124036
18/10/2013 00:00:00,7.6900,7.7800,7.5600,7.5800,216586
17/10/2013 00:00:00,7.6000,7.7000,7.5100,7.5100,112875
16/10/2013 00:00:00,7.3400,7.5700,7.2200,7.5400,151477
15/10/2013 00:00:00,7.2000,7.3800,7.1600,7.3100,118555
14/10/2013 00:00:00,7.3000,7.3400,7.1100,7.1700,112191
11/10/2013 00:00:00,7.2800,7.4400,7.2700,7.3300,76596
10/10/2013 00:00:00,7.3700,7.4700,7.2200,7.2900,213959
09/10/2013 00:00:00,7.4600,7.4600,7.2300,7.3500,222424
08/10/2013 00:00:00,7.8000,7.8000,7.3800,7.4700,225197
07/10/2013 00:00:00,7.7100,7.7700,7.5200,7.7700,150211
04/10/2013 00:00:00,7.8000,7.8100,7.6100,7.7100,169438
03/10/2013 00:00:00,7.8600,7.9300,7.7100,7.8100,131541
02/10/2013 00:00:00,7.9000,7.9500,7.8300,7.8800,351992
01/10/2013 00:00:00,7.9600,8.0000,7.8500,7.9100,198466
30/09/2013 00:00:00,8.1500,8.1500,7.9800,7.9900,160471
27/09/2013 00:00:00,7.9800,8.2300,7.9600,8.1500,200713
26/09/2013 00:00:00,8.0000,8.0700,7.8600,7.9500,479622
25/09/2013 00:00:00,8.1300,8.1300,7.8200,7.9300,478942
24/09/2013 00:00:00,8.2700,8.3000,8.0300,8.1400,470545
23/09/2013 00:00:00,8.1600,8.4700,8.0300,8.2700,2714657
20/09/2013 00:00:00,7.3200,7.4300,7.3200,7.4200,215901
19/09/2013 00:00:00,7.2800,7.3500,7.2500,7.3300,194229
18/09/2013 00:00:00,7.2700,7.2800,7.2000,7.2700,87684
17/09/2013 00:00:00,7.2700,7.2800,7.1600,7.2800,64346
16/09/2013 00:00:00,7.2600,7.3000,7.2400,7.2700,28384
13/09/2013 00:00:00,7.2800,7.3000,7.2200,7.2300,88486
12/09/2013 00:00:00,7.2400,7.3000,7.2000,7.2600,44420
11/09/2013 00:00:00,7.2000,7.3000,7.2000,7.2700,41500
10/09/2013 00:00:00,7.2700,7.3000,7.2000,7.2100,89530
09/09/2013 00:00:00,6.9400,7.2900,6.9400,7.2000,202481
06/09/2013 00:00:00,6.8800,6.9900,6.8800,6.9400,54182
05/09/2013 00:00:00,6.9100,6.9700,6.8600,6.9000,37163
04/09/2013 00:00:00,7.1000,7.1000,6.8700,6.8700,48137
03/09/2013 00:00:00,6.9100,7.1400,6.9100,7.1100,95152
02/09/2013 00:00:00,6.9900,7.0000,6.8600,6.9200,62653
30/08/2013 00:00:00,7.0300,7.0700,6.9100,6.9600,113894
29/08/2013 00:00:00,7.1500,7.1900,7.0300,7.0500,91028
28/08/2013 00:00:00,6.9100,7.1300,6.8000,7.1100,155612
27/08/2013 00:00:00,7.2900,7.3000,6.8800,6.9600,264921
26/08/2013 00:00:00,7.2600,7.3100,7.2000,7.3000,69353
23/08/2013 00:00:00,7.2100,7.4100,7.2100,7.2700,142919
22/08/2013 00:00:00,6.9800,7.2600,6.9600,7.1900,213321
21/08/2013 00:00:00,7.0000,7.1400,6.9000,6.9700,568572
20/08/2013 00:00:00,7.0000,7.0000,6.8100,6.9000,76638
19/08/2013 00:00:00,6.9700,7.0800,6.9300,7.0000,350593
16/08/2013 00:00:00,6.9200,6.9800,6.8800,6.9700,28686
15/08/2013 00:00:00,7.0000,7.0000,6.9300,6.9400,29698
14/08/2013 00:00:00,6.9800,7.0000,6.9000,7.0000,64948
13/08/2013 00:00:00,7.0000,7.0000,6.9500,6.9900,28080
12/08/2013 00:00:00,6.9900,7.0000,6.9500,6.9900,58273
09/08/2013 00:00:00,7.0000,7.0000,6.9300,7.0000,48593
08/08/2013 00:00:00,6.9400,7.0000,6.8800,6.9900,72607
07/08/2013 00:00:00,6.9200,6.9400,6.8700,6.9400,32467
06/08/2013 00:00:00,6.9000,6.9600,6.8200,6.9600,62994
05/08/2013 00:00:00,6.8600,6.9400,6.6700,6.8500,129421
02/08/2013 00:00:00,6.9700,6.9700,6.8300,6.9000,59318
01/08/2013 00:00:00,6.9500,6.9700,6.8400,6.9700,68996
31/07/2013 00:00:00,6.7900,6.9200,6.7500,6.9100,70935
30/07/2013 00:00:00,6.5900,6.7900,6.5900,6.7800,40407
29/07/2013 00:00:00,6.6700,6.6700,6.5500,6.5500,38441
26/07/2013 00:00:00,6.7800,6.7800,6.5500,6.6800,49725
25/07/2013 00:00:00,6.7300,6.7500,6.6000,6.7500,30766
24/07/2013 00:00:00,6.8000,6.8200,6.7000,6.7200,29250
23/07/2013 00:00:00,6.8000,6.8000,6.6700,6.8000,51244
22/07/2013 00:00:00,6.8000,6.8000,6.6200,6.8000,57599
19/07/2013 00:00:00,6.8400,6.8400,6.6500,6.8000,67513
18/07/2013 00:00:00,6.4500,6.8500,6.4300,6.8400,103307
17/07/2013 00:00:00,6.5500,6.5500,6.4000,6.4500,46011
16/07/2013 00:00:00,6.8000,6.8000,6.4100,6.6000,119122
15/07/2013 00:00:00,6.9000,6.9000,6.6100,6.8100,65088
12/07/2013 00:00:00,6.7200,6.9000,6.7200,6.8200,182281
11/07/2013 00:00:00,6.5600,6.7000,6.5000,6.6900,83868
10/07/2013 00:00:00,6.4100,6.5000,6.3000,6.5000,108351
09/07/2013 00:00:00,6.3200,6.4000,6.2500,6.3800,86097
08/07/2013 00:00:00,6.3000,6.3700,6.2500,6.3200,79515
05/07/2013 00:00:00,6.0400,6.2700,6.0200,6.2500,473550
04/07/2013 00:00:00,6.0000,6.0400,5.9500,6.0100,74664
03/07/2013 00:00:00,5.9700,5.9700,5.8400,5.9300,87789
02/07/2013 00:00:00,6.0300,6.0500,5.9900,6.0000,43346
01/07/2013 00:00:00,6.0100,6.1000,5.9600,6.0000,52319
28/06/2013 00:00:00,5.9000,6.0300,5.8900,6.0000,112815
27/06/2013 00:00:00,5.8200,5.8700,5.7500,5.8500,63142
26/06/2013 00:00:00,5.7600,5.8600,5.7100,5.8000,81747
25/06/2013 00:00:00,5.5000,5.7500,5.2100,5.7300,369489
24/06/2013 00:00:00,6.0000,6.0000,5.7500,5.7500,208692
21/06/2013 00:00:00,5.9800,6.0700,5.9400,5.9900,162977
20/06/2013 00:00:00,6.0400,6.0400,5.9100,5.9300,97427
19/06/2013 00:00:00,6.0400,6.0800,5.9500,6.0400,124316
18/06/2013 00:00:00,6.1000,6.1300,6.0200,6.0200,42636
17/06/2013 00:00:00,6.1500,6.1800,6.0900,6.1000,108563
14/06/2013 00:00:00,6.1900,6.2000,6.1100,6.1200,78071
13/06/2013 00:00:00,6.1100,6.1100,6.0100,6.0700,83711
12/06/2013 00:00:00,6.1900,6.2400,6.1300,6.1300,95003
11/06/2013 00:00:00,6.2300,6.2500,6.1400,6.1500,75755
10/06/2013 00:00:00,6.2600,6.2700,6.1300,6.2000,90974
07/06/2013 00:00:00,6.2300,6.2800,6.1100,6.1700,107239
06/06/2013 00:00:00,6.2800,6.3200,6.1800,6.1800,114241
05/06/2013 00:00:00,6.1800,6.3400,6.1500,6.2400,168666
04/06/2013 00:00:00,6.0600,6.1900,6.0500,6.1900,192355
03/06/2013 00:00:00,6.1400,6.1500,5.9200,6.0300,218039
31/05/2013 00:00:00,6.1900,6.2000,6.1000,6.1000,132318
30/05/2013 00:00:00,6.1500,6.2000,6.1200,6.1600,57936
29/05/2013 00:00:00,6.1700,6.1800,6.1200,6.1300,67854
28/05/2013 00:00:00,6.2100,6.2100,6.1000,6.1500,210894
27/05/2013 00:00:00,6.2500,6.4000,6.1700,6.1700,71341
24/05/2013 00:00:00,6.3100,6.4200,6.1600,6.2100,156785
23/05/2013 00:00:00,6.5500,6.5500,6.2500,6.2900,212032
22/05/2013 00:00:00,6.7300,6.7400,6.5600,6.5600,119131
21/05/2013 00:00:00,6.7000,6.7100,6.5600,6.7100,98428
20/05/2013 00:00:00,6.5600,6.7300,6.5100,6.7000,89744
17/05/2013 00:00:00,6.6800,6.7100,6.5200,6.5500,102484
16/05/2013 00:00:00,6.8000,6.8500,6.6100,6.6800,112836
15/05/2013 00:00:00,6.9000,6.9000,6.5600,6.7200,175874
14/05/2013 00:00:00,6.9100,6.9600,6.8500,6.9000,52021
13/05/2013 00:00:00,6.8800,6.9300,6.7600,6.9100,82132
10/05/2013 00:00:00,6.9700,7.0000,6.8000,6.8400,113701
09/05/2013 00:00:00,6.9400,6.9800,6.8400,6.9800,43882
08/05/2013 00:00:00,6.9100,6.9200,6.8000,6.9100,77994
07/05/2013 00:00:00,6.8400,6.9500,6.7500,6.9500,81232
06/05/2013 00:00:00,6.8500,6.9500,6.7300,6.7300,89577
03/05/2013 00:00:00,6.5200,6.8100,6.4500,6.8100,97945
02/05/2013 00:00:00,6.5000,6.5000,6.4100,6.4700,49462
30/04/2013 00:00:00,6.5000,6.5000,6.4000,6.4000,100691
29/04/2013 00:00:00,6.4500,6.5000,6.4200,6.4900,46665
26/04/2013 00:00:00,6.6000,6.6000,6.4000,6.4100,71826
25/04/2013 00:00:00,6.7300,6.7400,6.5600,6.5900,60326
24/04/2013 00:00:00,6.6900,6.7500,6.5800,6.6700,71402
23/04/2013 00:00:00,6.5500,6.6500,6.5200,6.5700,56483
22/04/2013 00:00:00,6.4500,6.6700,6.4400,6.5200,115821
19/04/2013 00:00:00,6.1600,6.3900,6.1600,6.3100,74338
18/04/2013 00:00:00,6.4900,6.4900,6.1200,6.1300,313424
17/04/2013 00:00:00,6.8600,6.9200,6.4300,6.5000,144130
16/04/2013 00:00:00,7.0000,7.1100,6.7600,6.8000,303217
15/04/2013 00:00:00,7.1700,7.1900,6.9800,6.9800,107420
12/04/2013 00:00:00,6.9800,7.2500,6.9700,7.1100,301500
11/04/2013 00:00:00,6.8100,6.9600,6.7600,6.9400,116288
10/04/2013 00:00:00,6.5800,6.7800,6.5800,6.7400,210082
09/04/2013 00:00:00,6.7000,6.8100,6.4600,6.5700,306258
08/04/2013 00:00:00,5.9200,6.5000,5.8500,6.5000,347548
05/04/2013 00:00:00,6.2600,6.3300,5.8400,5.9800,514188
04/04/2013 00:00:00,6.5800,6.6100,6.2200,6.2500,407615
03/04/2013 00:00:00,6.8000,6.8100,6.5600,6.6500,94863
02/04/2013 00:00:00,6.7300,6.8900,6.6600,6.7900,79499
28/03/2013 00:00:00,6.9000,6.9000,6.5200,6.8100,367234
27/03/2013 00:00:00,7.0500,7.0600,6.9300,6.9600,209328
26/03/2013 00:00:00,7.1100,7.1400,7.0200,7.0200,42469
25/03/2013 00:00:00,7.2200,7.2400,7.0300,7.1100,105926
22/03/2013 00:00:00,7.2300,7.2300,7.0700,7.1800,67598
21/03/2013 00:00:00,7.1000,7.2300,7.0100,7.2300,117757
20/03/2013 00:00:00,7.1400,7.1900,6.9600,7.0900,251831
19/03/2013 00:00:00,7.2600,7.2800,7.1200,7.1500,132717
18/03/2013 00:00:00,7.2400,7.2400,7.1300,7.2100,133900
15/03/2013 00:00:00,7.2500,7.3000,7.2200,7.2900,152599
14/03/2013 00:00:00,7.3000,7.3400,7.1900,7.2500,174203
13/03/2013 00:00:00,7.3000,7.3000,7.1900,7.2400,117515
12/03/2013 00:00:00,7.0300,7.3700,7.0300,7.3300,212252
11/03/2013 00:00:00,7.2100,7.2300,6.9100,7.0300,465612
08/03/2013 00:00:00,7.3800,7.3800,7.1700,7.2300,354012
07/03/2013 00:00:00,7.3000,7.4000,7.2900,7.3400,212304
06/03/2013 00:00:00,7.4000,7.4400,7.3000,7.3100,315896
05/03/2013 00:00:00,7.3700,7.4700,7.3500,7.3800,159523
04/03/2013 00:00:00,7.4600,7.5000,7.3200,7.3700,229903
01/03/2013 00:00:00,7.4700,7.5900,7.3800,7.4800,431254
28/02/2013 00:00:00,7.2400,7.4700,6.9000,7.3500,1075275
27/02/2013 00:00:00,7.6900,7.8300,7.6000,7.7200,166922
26/02/2013 00:00:00,7.5800,7.7200,7.5000,7.5800,258298
25/02/2013 00:00:00,7.8100,7.9300,7.6100,7.6700,420758
22/02/2013 00:00:00,7.8000,7.8000,7.6100,7.6800,295567
21/02/2013 00:00:00,7.9200,7.9600,7.8000,7.8000,159051
20/02/2013 00:00:00,7.9300,7.9800,7.8300,7.9200,290266
19/02/2013 00:00:00,8.0500,8.1000,7.8300,7.9000,600145
18/02/2013 00:00:00,7.9000,8.0700,7.8500,8.0000,693587
15/02/2013 00:00:00,7.6500,7.9400,7.6200,7.8000,497663
14/02/2013 00:00:00,7.7000,7.8900,7.5600,7.6000,638736
13/02/2013 00:00:00,7.1500,7.9300,7.1400,7.7000,1557567
12/02/2013 00:00:00,6.9100,6.9500,6.8500,6.8900,188713
11/02/2013 00:00:00,6.9000,6.9400,6.8400,6.9100,134916
08/02/2013 00:00:00,6.8000,6.8800,6.7600,6.8600,100213
07/02/2013 00:00:00,6.8900,6.9000,6.7700,6.7700,85558
06/02/2013 00:00:00,6.7200,6.9100,6.7200,6.8800,182907
05/02/2013 00:00:00,6.5700,6.7200,6.5100,6.6400,128666
04/02/2013 00:00:00,6.5100,6.6400,6.5000,6.5700,178458
01/02/2013 00:00:00,6.2500,6.5500,6.2400,6.4700,234444
31/01/2013 00:00:00,6.4400,6.4400,6.2100,6.3000,291875
30/01/2013 00:00:00,6.2500,6.5100,6.2200,6.4400,206667
29/01/2013 00:00:00,6.5000,6.5700,6.2000,6.2300,179627
28/01/2013 00:00:00,6.3900,6.5700,5.8500,6.4300,822426
25/01/2013 00:00:00,6.6300,6.6300,6.3000,6.3900,386994
24/01/2013 00:00:00,6.9400,6.9400,6.2500,6.6500,685539
23/01/2013 00:00:00,6.9500,6.9700,6.9000,6.9400,165030
22/01/2013 00:00:00,6.9500,6.9700,6.8900,6.9700,170107
21/01/2013 00:00:00,6.9500,6.9900,6.8600,6.9400,291571
18/01/2013 00:00:00,6.8800,6.9500,6.8700,6.9400,297757
17/01/2013 00:00:00,6.8700,6.8900,6.8100,6.8500,175299
16/01/2013 00:00:00,6.9000,6.9000,6.6800,6.8800,411532
15/01/2013 00:00:00,6.7000,7.0000,6.6800,6.8900,842187
14/01/2013 00:00:00,6.3000,6.7400,6.3000,6.6800,657932
11/01/2013 00:00:00,6.2000,6.2400,6.1700,6.2400,275397
10/01/2013 00:00:00,6.1100,6.1800,6.0700,6.1600,272117
09/01/2013 00:00:00,6.0400,6.1000,5.9800,6.0400,262804
08/01/2013 00:00:00,6.0500,6.1500,5.9600,5.9900,617383
07/01/2013 00:00:00,5.9900,6.0900,5.9600,6.0200,369335
04/01/2013 00:00:00,5.9900,5.9900,5.8500,5.9500,182342
03/01/2013 00:00:00,5.9500,6.0000,5.9300,5.9800,360536
02/01/2013 00:00:00,5.9100,5.9500,5.8900,5.9300,155117
01/01/2013 00:00:00,5.85,5.8500,5.8500,5.8500,0
31/12/2012 00:00:00,5.7900,5.8500,5.7100,5.8500,65986
28/12/2012 00:00:00,5.7100,5.8000,5.6300,5.7300,114462
27/12/2012 00:00:00,5.9000,5.9500,5.7300,5.7300,235437
26/12/2012 00:00:00,5.8200,5.9000,5.8100,5.8600,200934
25/12/2012 00:00:00,5.8200,5.9000,5.8100,5.8600,200934
24/12/2012 00:00:00,5.8200,5.9000,5.8100,5.8600,200934
21/12/2012 00:00:00,5.7000,5.8400,5.6200,5.7600,228277
20/12/2012 00:00:00,5.6200,5.7900,5.6100,5.6900,354175
19/12/2012 00:00:00,5.5300,5.6000,5.5200,5.6000,354658
18/12/2012 00:00:00,5.4500,5.5000,5.4200,5.4900,191780
17/12/2012 00:00:00,5.4400,5.4500,5.3500,5.4500,102259
14/12/2012 00:00:00,5.4000,5.4500,5.3200,5.4000,123256
13/12/2012 00:00:00,5.3700,5.4000,5.2800,5.3800,91470
12/12/2012 00:00:00,5.4600,5.4700,5.1900,5.3500,344730
11/12/2012 00:00:00,5.3000,5.5300,5.3000,5.4300,551239
10/12/2012 00:00:00,4.9700,5.2200,4.9500,5.2200,237788
07/12/2012 00:00:00,4.8900,4.9500,4.8400,4.9100,114812
06/12/2012 00:00:00,4.8600,4.8900,4.7500,4.8900,95860
05/12/2012 00:00:00,4.9000,4.9000,4.7600,4.8100,97445
04/12/2012 00:00:00,4.8900,4.9000,4.8500,4.8600,51813
03/12/2012 00:00:00,4.9000,4.9200,4.8600,4.8700,64288
30/11/2012 00:00:00,4.7000,4.9100,4.6700,4.9000,137416
29/11/2012 00:00:00,4.7300,4.7800,4.5200,4.7000,309861
28/11/2012 00:00:00,4.8900,4.8900,4.7000,4.7000,133014
27/11/2012 00:00:00,4.8600,4.9000,4.7900,4.7900,103890
26/11/2012 00:00:00,4.9800,4.9800,4.8700,4.8700,48060
23/11/2012 00:00:00,4.8500,4.9400,4.8500,4.9000,47357
22/11/2012 00:00:00,4.8000,4.9200,4.7100,4.8400,93974
21/11/2012 00:00:00,5.0200,5.0500,4.7400,4.8700,137583
20/11/2012 00:00:00,4.9700,5.0400,4.8500,4.9200,107984
19/11/2012 00:00:00,4.6000,4.7700,4.2300,4.7400,353317
16/11/2012 00:00:00,5.1000,5.2000,4.6200,4.6500,254049
15/11/2012 00:00:00,5.1800,5.2800,5.1000,5.1000,65788
14/11/2012 00:00:00,5.2300,5.2900,5.1000,5.1100,67238
13/11/2012 00:00:00,5.2500,5.3000,5.2000,5.2500,42881
12/11/2012 00:00:00,5.1800,5.3000,5.1600,5.2500,53753
09/11/2012 00:00:00,5.2600,5.4200,5.1000,5.1800,209341
08/11/2012 00:00:00,5.1000,5.2000,5.1000,5.1400,60024
07/11/2012 00:00:00,5.3000,5.3100,5.1000,5.1000,137311
06/11/2012 00:00:00,5.2500,5.4500,5.2400,5.2700,173962
05/11/2012 00:00:00,5.1000,5.3000,5.1000,5.1800,140498
02/11/2012 00:00:00,5.2100,5.2400,5.1000,5.1100,62664
01/11/2012 00:00:00,5.3000,5.3000,5.1600,5.2000,55119
31/10/2012 00:00:00,5.2000,5.2900,5.1600,5.2000,95366
30/10/2012 00:00:00,5.3600,5.3600,5.2100,5.2100,39525
29/10/2012 00:00:00,5.4500,5.4500,5.1600,5.3500,118307
26/10/2012 00:00:00,5.4000,5.4300,5.3000,5.4000,55100
25/10/2012 00:00:00,5.4000,5.4200,5.3200,5.3200,64665
24/10/2012 00:00:00,5.3200,5.4400,5.3200,5.3500,91049
23/10/2012 00:00:00,5.5000,5.5000,5.2800,5.3100,189956
22/10/2012 00:00:00,5.4500,5.5000,5.4300,5.5000,170808
19/10/2012 00:00:00,5.4400,5.5000,5.3900,5.4100,85763
18/10/2012 00:00:00,5.5100,5.5200,5.4400,5.4700,126719
17/10/2012 00:00:00,5.4300,5.5700,5.4000,5.5000,154574
16/10/2012 00:00:00,5.5900,5.5900,5.3800,5.4300,135300
15/10/2012 00:00:00,5.5900,5.6000,5.4000,5.6000,75672
12/10/2012 00:00:00,5.6000,5.6200,5.2300,5.5700,257603
11/10/2012 00:00:00,5.7800,5.7800,5.5100,5.6000,212261
10/10/2012 00:00:00,5.8000,5.8500,5.7000,5.8000,127140
09/10/2012 00:00:00,5.9000,5.9300,5.7200,5.7800,424846
08/10/2012 00:00:00,5.7800,6.0000,5.7300,5.8600,745252
05/10/2012 00:00:00,5.8500,6.0000,5.5500,5.6600,1002170
04/10/2012 00:00:00,5.0300,5.8100,5.0200,5.7800,2681952
03/10/2012 00:00:00,4.7800,4.8500,4.6800,4.8400,243374
02/10/2012 00:00:00,4.7900,4.8900,4.6800,4.7500,713670
01/10/2012 00:00:00,4.6200,4.6700,4.5400,4.6100,87234
28/09/2012 00:00:00,4.7000,4.7000,4.5900,4.6200,163155
27/09/2012 00:00:00,4.4800,4.7200,4.4700,4.6900,169448
26/09/2012 00:00:00,4.5800,4.5800,4.2700,4.3800,225721
25/09/2012 00:00:00,4.7500,4.7900,4.5300,4.6100,255790
24/09/2012 00:00:00,4.5500,4.7300,4.4500,4.7100,419098
21/09/2012 00:00:00,4.4000,4.5900,4.2100,4.3600,607122
20/09/2012 00:00:00,4.5500,4.6000,4.0600,4.0600,357664
19/09/2012 00:00:00,4.1200,4.7800,4.1100,4.5300,667655
18/09/2012 00:00:00,3.9400,4.0400,3.8600,4.0400,584272
17/09/2012 00:00:00,3.6900,3.9500,3.6600,3.7500,137741
14/09/2012 00:00:00,3.4100,3.6800,3.4100,3.6400,275933
13/09/2012 00:00:00,3.5000,3.5400,3.3200,3.4200,89566
12/09/2012 00:00:00,3.3000,3.5000,3.2900,3.5000,205131
11/09/2012 00:00:00,3.1200,3.3000,3.1100,3.3000,114623
10/09/2012 00:00:00,3.0000,3.1500,2.9900,3.1000,86360
07/09/2012 00:00:00,3.0100,3.0600,2.9700,2.9900,31497
06/09/2012 00:00:00,2.9700,3.0400,2.9400,3.0400,70618
05/09/2012 00:00:00,3.0500,3.0500,2.9900,2.9900,24948
04/09/2012 00:00:00,3.0700,3.0700,2.9900,2.9900,13819
03/09/2012 00:00:00,3.0000,3.1000,2.9800,3.0400,16122
31/08/2012 00:00:00,2.9600,3.0000,2.9500,2.9500,27816
30/08/2012 00:00:00,3.0500,3.0600,2.9700,2.9700,35506
29/08/2012 00:00:00,3.0800,3.1400,3.0300,3.0800,27310
28/08/2012 00:00:00,3.0900,3.0900,2.9600,3.0500,14872
27/08/2012 00:00:00,2.9500,3.0500,2.9500,3.0200,18677
24/08/2012 00:00:00,2.9600,2.9900,2.9600,2.9800,26142
23/08/2012 00:00:00,3.1500,3.1500,2.8900,3.0100,119470
22/08/2012 00:00:00,3.2500,3.2500,3.1100,3.1500,50387
21/08/2012 00:00:00,3.1900,3.2500,3.1500,3.2500,58668
20/08/2012 00:00:00,2.9800,3.1900,2.9500,3.1700,90258
17/08/2012 00:00:00,2.8800,2.9700,2.8800,2.9500,40558
16/08/2012 00:00:00,2.8800,2.8900,2.8400,2.8900,12347
15/08/2012 00:00:00,2.8900,2.8900,2.8400,2.8700,8273
14/08/2012 00:00:00,2.8700,2.8900,2.8600,2.8600,7513
13/08/2012 00:00:00,2.8700,2.8800,2.8400,2.8800,9535
10/08/2012 00:00:00,2.8600,2.8600,2.8100,2.8500,24011
09/08/2012 00:00:00,2.8500,2.8900,2.8100,2.8600,15863
08/08/2012 00:00:00,2.8800,2.8900,2.8500,2.8600,14259
07/08/2012 00:00:00,2.8900,2.8900,2.8200,2.8600,22997
06/08/2012 00:00:00,2.8000,2.8500,2.8000,2.8200,13243
03/08/2012 00:00:00,2.8500,2.8700,2.8000,2.8000,16714
02/08/2012 00:00:00,2.8700,2.8800,2.7800,2.7800,38992
01/08/2012 00:00:00,2.8300,2.8700,2.8300,2.8700,9218
31/07/2012 00:00:00,2.8200,2.8800,2.8200,2.8300,22034
30/07/2012 00:00:00,2.8500,2.8900,2.8300,2.8700,21432
27/07/2012 00:00:00,2.9000,2.9000,2.8200,2.8200,14075
26/07/2012 00:00:00,2.8000,2.8900,2.7700,2.7700,10672
25/07/2012 00:00:00,2.8000,2.8500,2.7700,2.7700,35646
24/07/2012 00:00:00,2.7900,2.9000,2.7700,2.8000,30414
23/07/2012 00:00:00,2.9200,2.9400,2.8100,2.8100,37654
20/07/2012 00:00:00,2.9500,2.9500,2.8200,2.9100,66250
19/07/2012 00:00:00,2.8600,2.9300,2.8400,2.9300,37217
18/07/2012 00:00:00,2.8700,2.8800,2.8200,2.8200,10341
17/07/2012 00:00:00,2.8100,2.8900,2.8000,2.8700,35264
16/07/2012 00:00:00,2.8100,2.8600,2.8100,2.8100,13943
13/07/2012 00:00:00,2.8700,2.8700,2.8300,2.8300,12641
12/07/2012 00:00:00,2.9200,2.9500,2.8700,2.8700,25155
11/07/2012 00:00:00,2.9800,2.9800,2.9100,2.9500,17892
10/07/2012 00:00:00,2.9000,2.9700,2.9000,2.9500,30061
09/07/2012 00:00:00,2.8600,2.9500,2.8600,2.9400,36517
06/07/2012 00:00:00,2.9000,2.9400,2.8600,2.8600,13271
05/07/2012 00:00:00,2.9800,2.9800,2.8600,2.8800,38365
04/07/2012 00:00:00,2.8000,2.9400,2.8000,2.8800,38287
03/07/2012 00:00:00,2.8800,2.9000,2.8000,2.8000,30226
02/07/2012 00:00:00,2.8300,2.8600,2.7800,2.8600,10860
29/06/2012 00:00:00,2.7200,2.8300,2.6900,2.8300,28447
28/06/2012 00:00:00,2.7200,2.7200,2.6900,2.6900,10368
27/06/2012 00:00:00,2.7900,2.7900,2.7000,2.7200,22036
26/06/2012 00:00:00,2.8000,2.8200,2.7100,2.7200,38769
25/06/2012 00:00:00,3.0000,3.0600,2.7500,2.7700,285780
22/06/2012 00:00:00,2.7100,2.8000,2.7000,2.7800,61707
21/06/2012 00:00:00,2.6800,2.7300,2.6800,2.7200,25886
20/06/2012 00:00:00,2.6900,2.6900,2.6600,2.6700,13759
19/06/2012 00:00:00,2.7000,2.7000,2.6300,2.6800,9212
18/06/2012 00:00:00,2.6500,2.6500,2.6000,2.6100,12379
15/06/2012 00:00:00,2.6400,2.6500,2.5700,2.5900,9289
14/06/2012 00:00:00,2.6000,2.6400,2.6000,2.6400,11787
13/06/2012 00:00:00,2.6200,2.6500,2.5700,2.6000,29410
12/06/2012 00:00:00,2.6700,2.6900,2.6000,2.6200,32146
11/06/2012 00:00:00,2.6900,2.7200,2.6600,2.6600,15046
08/06/2012 00:00:00,2.7300,2.7300,2.6700,2.6900,5562
07/06/2012 00:00:00,2.7100,2.7300,2.6800,2.7000,24457
06/06/2012 00:00:00,2.6900,2.7500,2.6900,2.7000,37386
05/06/2012 00:00:00,2.7500,2.7600,2.6800,2.7100,30157
04/06/2012 00:00:00,2.7500,2.7800,2.7200,2.7300,6237
01/06/2012 00:00:00,2.7500,2.8100,2.7300,2.7500,15544
31/05/2012 00:00:00,2.8500,2.8500,2.7200,2.7400,37737
30/05/2012 00:00:00,2.7000,2.8900,2.7000,2.8100,37930
29/05/2012 00:00:00,2.7000,2.7200,2.6600,2.7200,11295
28/05/2012 00:00:00,2.6900,2.7000,2.6300,2.7000,10107
25/05/2012 00:00:00,2.7900,2.7900,2.6200,2.6900,36808
24/05/2012 00:00:00,2.6600,2.7900,2.6300,2.7300,29135
23/05/2012 00:00:00,2.8900,2.8900,2.6500,2.6600,74119
22/05/2012 00:00:00,2.7400,2.9400,2.6900,2.8200,159150
21/05/2012 00:00:00,2.4500,2.6900,2.4500,2.6900,34956
18/05/2012 00:00:00,2.4100,2.4800,2.4000,2.4400,32917
17/05/2012 00:00:00,2.4900,2.4900,2.4100,2.4100,42129
16/05/2012 00:00:00,2.5300,2.5600,2.4100,2.4500,100506
15/05/2012 00:00:00,2.6100,2.6100,2.5200,2.5400,58602
14/05/2012 00:00:00,2.7100,2.7500,2.6000,2.6100,45467
11/05/2012 00:00:00,2.7000,2.7500,2.6900,2.7300,14580
10/05/2012 00:00:00,2.6500,2.7000,2.6000,2.7000,85628
09/05/2012 00:00:00,2.6700,2.7200,2.6500,2.6500,51041
08/05/2012 00:00:00,2.7500,2.7800,2.7300,2.7300,25818
07/05/2012 00:00:00,2.8500,2.8500,2.6200,2.7400,88151
04/05/2012 00:00:00,2.9500,2.9500,2.8200,2.8900,93361
03/05/2012 00:00:00,2.9300,2.9800,2.9300,2.9300,32494
02/05/2012 00:00:00,2.9300,2.9500,2.9100,2.9200,32319
30/04/2012 00:00:00,2.9900,2.9900,2.9100,2.9200,119107
27/04/2012 00:00:00,3.0400,3.0500,3.0000,3.0000,142420
26/04/2012 00:00:00,3.0500,3.0800,3.0200,3.0600,32231
25/04/2012 00:00:00,3.0600,3.0900,3.0200,3.0500,91219
24/04/2012 00:00:00,3.0500,3.0800,3.0200,3.0400,49478
23/04/2012 00:00:00,3.1500,3.1500,3.0500,3.0600,29303
20/04/2012 00:00:00,3.2100,3.2100,3.1000,3.1500,32273
19/04/2012 00:00:00,3.2200,3.2200,3.1100,3.2200,23309
18/04/2012 00:00:00,3.1600,3.2200,3.1000,3.2200,22675
17/04/2012 00:00:00,3.2000,3.2100,3.0600,3.1400,41829
16/04/2012 00:00:00,3.2300,3.2500,3.2100,3.2100,13781
13/04/2012 00:00:00,3.1800,3.2400,3.1500,3.2200,18237
12/04/2012 00:00:00,3.2400,3.2400,3.1000,3.1600,30636
11/04/2012 00:00:00,3.2300,3.2500,3.1100,3.1800,55509
10/04/2012 00:00:00,3.3300,3.3300,3.2000,3.2200,56332
05/04/2012 00:00:00,3.4200,3.4200,3.2500,3.3100,49675
04/04/2012 00:00:00,3.4200,3.4500,3.3300,3.4000,78705
03/04/2012 00:00:00,3.4200,3.4200,3.3300,3.3600,26211
02/04/2012 00:00:00,3.2800,3.5300,3.2700,3.3700,82578
30/03/2012 00:00:00,3.2500,3.3100,3.2100,3.2200,43575
29/03/2012 00:00:00,3.3500,3.4400,3.2000,3.2400,64401
28/03/2012 00:00:00,3.5200,3.5200,3.3100,3.3200,79052
27/03/2012 00:00:00,3.5400,3.5400,3.5000,3.5100,27381
26/03/2012 00:00:00,3.6100,3.6100,3.4800,3.5300,39242
23/03/2012 00:00:00,3.4500,3.5500,3.4200,3.4900,91805
22/03/2012 00:00:00,3.5500,3.5500,3.4100,3.4500,392650
21/03/2012 00:00:00,3.5000,3.6300,3.5000,3.5300,331133
20/03/2012 00:00:00,3.2800,3.4000,3.2400,3.3700,197761
19/03/2012 00:00:00,3.0500,3.2800,3.0300,3.2500,239058
16/03/2012 00:00:00,3.0000,3.0500,3.0000,3.0400,77768
15/03/2012 00:00:00,3.0600,3.0600,2.9500,2.9600,104311
14/03/2012 00:00:00,3.0500,3.0700,3.0500,3.0500,37819
13/03/2012 00:00:00,3.0800,3.0800,3.0000,3.0400,30356
12/03/2012 00:00:00,3.0200,3.0500,3.0100,3.0400,31467
09/03/2012 00:00:00,3.0100,3.0200,3.0000,3.0000,17997
08/03/2012 00:00:00,3.0200,3.0200,2.9700,3.0100,34283
07/03/2012 00:00:00,2.9500,3.0100,2.9500,2.9800,42273
06/03/2012 00:00:00,3.0000,3.0100,2.9500,2.9500,51001
05/03/2012 00:00:00,3.0000,3.0000,2.9500,2.9600,102745
02/03/2012 00:00:00,2.9700,2.9900,2.9000,2.9600,173467
01/03/2012 00:00:00,3.0800,3.0800,2.9600,2.9600,57555
29/02/2012 00:00:00,3.0200,3.0400,3.0000,3.0300,36859
28/02/2012 00:00:00,3.0400,3.0400,2.9900,2.9900,18715
27/02/2012 00:00:00,3.0400,3.0400,3.0000,3.0100,45953
24/02/2012 00:00:00,3.0300,3.0500,3.0000,3.0100,22341
23/02/2012 00:00:00,3.0100,3.0400,2.9800,3.0000,68685
22/02/2012 00:00:00,3.2300,3.2300,3.0800,3.1000,149491
21/02/2012 00:00:00,2.9900,3.2100,2.9900,3.2100,130173
20/02/2012 00:00:00,2.9500,3.0300,2.9500,2.9900,55058
17/02/2012 00:00:00,3.0500,3.0500,2.9500,2.9800,93385
16/02/2012 00:00:00,3.0400,3.0600,2.9800,3.0500,214869
15/02/2012 00:00:00,3.0300,3.0500,3.0000,3.0400,65944
14/02/2012 00:00:00,2.9900,3.0200,2.9500,2.9500,61658
13/02/2012 00:00:00,2.9800,3.0200,2.9400,2.9600,55543
10/02/2012 00:00:00,3.0000,3.0900,2.9400,2.9700,146699
09/02/2012 00:00:00,3.0600,3.0700,2.9300,2.9500,308254
08/02/2012 00:00:00,3.0800,3.0800,3.0200,3.0500,60753
07/02/2012 00:00:00,3.0400,3.0800,3.0000,3.0800,75526
06/02/2012 00:00:00,3.0900,3.1000,2.9500,2.9500,69280
03/02/2012 00:00:00,3.0100,3.0300,2.9600,3.0300,116692
02/02/2012 00:00:00,3.0300,3.1500,2.9200,2.9700,273821
01/02/2012 00:00:00,2.9400,2.9400,2.8700,2.9300,43005
31/01/2012 00:00:00,2.9600,2.9600,2.9100,2.9300,24266
30/01/2012 00:00:00,3.0100,3.0100,2.9100,2.9600,27692
27/01/2012 00:00:00,2.9400,2.9700,2.9000,2.9600,74940
26/01/2012 00:00:00,2.8700,2.9400,2.8300,2.9000,131314
25/01/2012 00:00:00,3.0200,3.0200,2.8000,2.8600,88289
24/01/2012 00:00:00,3.1000,3.1000,2.9800,3.0100,76772
23/01/2012 00:00:00,2.7700,3.0600,2.7700,3.0500,316947
20/01/2012 00:00:00,3.1100,3.1800,2.5600,2.6800,428302
19/01/2012 00:00:00,3.1900,3.2200,3.0700,3.1000,110987
18/01/2012 00:00:00,3.1900,3.2200,3.1200,3.1400,103515
17/01/2012 00:00:00,3.3100,3.3100,3.1400,3.1800,162214
16/01/2012 00:00:00,3.2000,3.3000,3.1800,3.2900,19871
13/01/2012 00:00:00,3.3100,3.3400,3.1600,3.2400,71411
12/01/2012 00:00:00,3.3100,3.3100,3.1400,3.2900,59543
11/01/2012 00:00:00,3.3100,3.3600,3.0700,3.2500,129275
10/01/2012 00:00:00,3.4000,3.4200,3.1500,3.2800,146618
09/01/2012 00:00:00,3.5500,3.5500,3.2700,3.3500,80386
06/01/2012 00:00:00,3.5000,3.5400,3.4300,3.4600,43070
05/01/2012 00:00:00,3.5900,3.6400,3.4300,3.5000,82032
04/01/2012 00:00:00,3.7000,3.7500,3.5600,3.6000,100365
03/01/2012 00:00:00,3.4600,3.6900,3.4600,3.6900,90896
02/01/2012 00:00:00,3.4900,3.6000,3.4200,3.6000,46899
30/12/2011 00:00:00,3.4300,3.4600,3.3600,3.4100,26627
29/12/2011 00:00:00,3.5200,3.5200,3.3800,3.4100,47350
28/12/2011 00:00:00,3.4200,3.5300,3.3700,3.5200,54893
27/12/2011 00:00:00,3.6000,3.6000,3.2400,3.3700,98086
23/12/2011 00:00:00,3.7000,3.7400,3.3600,3.5000,240813
22/12/2011 00:00:00,3.5000,3.7200,3.5000,3.6800,372846
21/12/2011 00:00:00,3.3000,3.4600,3.2000,3.4400,306598
20/12/2011 00:00:00,3.1500,3.5600,3.1300,3.1800,477595
19/12/2011 00:00:00,3.0200,3.1300,2.9300,3.1300,150218
16/12/2011 00:00:00,2.8300,3.0300,2.8000,3.0200,248749
15/12/2011 00:00:00,2.7600,2.8000,2.7000,2.7900,192711
14/12/2011 00:00:00,2.7100,2.7300,2.6600,2.7000,116913
13/12/2011 00:00:00,2.6200,2.7400,2.6000,2.6700,339291
12/12/2011 00:00:00,2.6500,2.6500,2.5500,2.5500,92839
09/12/2011 00:00:00,2.5500,2.7900,2.4800,2.5900,392040
08/12/2011 00:00:00,2.7000,2.7000,2.5300,2.5500,214785
07/12/2011 00:00:00,2.6800,2.7100,2.6100,2.6100,159001
06/12/2011 00:00:00,2.6500,2.6900,2.6000,2.6500,170238
05/12/2011 00:00:00,2.6000,2.6800,2.5600,2.6400,187077
02/12/2011 00:00:00,2.4600,2.5800,2.4500,2.5600,103366
01/12/2011 00:00:00,2.6500,2.6700,2.4200,2.4200,191535
30/11/2011 00:00:00,2.5000,2.5000,2.4300,2.5000,86369
29/11/2011 00:00:00,2.5300,2.5400,2.4500,2.4700,67423
28/11/2011 00:00:00,2.5400,2.5600,2.4700,2.5200,54677
25/11/2011 00:00:00,2.5400,2.5800,2.3800,2.4500,136699
24/11/2011 00:00:00,2.6900,2.8400,2.4600,2.5200,401216
23/11/2011 00:00:00,2.4500,2.6400,2.4500,2.6400,166510
22/11/2011 00:00:00,2.3000,2.5100,2.2900,2.4000,237854
21/11/2011 00:00:00,2.2700,2.3200,2.2400,2.2700,67924
18/11/2011 00:00:00,2.3200,2.3800,2.2400,2.2500,340333
17/11/2011 00:00:00,2.3300,2.3300,2.0600,2.2500,417928
16/11/2011 00:00:00,2.3100,2.3500,2.2700,2.2700,62864
15/11/2011 00:00:00,2.4500,2.4500,2.2600,2.3000,147316
14/11/2011 00:00:00,2.5100,2.6500,2.4100,2.4600,110796
11/11/2011 00:00:00,2.6800,2.7000,2.3700,2.4900,187565
10/11/2011 00:00:00,2.7100,2.8000,2.6600,2.6900,149164
09/11/2011 00:00:00,2.9400,3.0300,2.6300,2.7100,409888
08/11/2011 00:00:00,2.6800,2.7400,2.5200,2.5600,137782
07/11/2011 00:00:00,2.9800,2.9800,2.6600,2.7000,177829
04/11/2011 00:00:00,3.6000,3.6000,2.8200,2.9300,697865
03/11/2011 00:00:00,3.5600,3.6500,3.5200,3.5800,57195
02/11/2011 00:00:00,3.7100,3.7500,3.5700,3.6000,35790
01/11/2011 00:00:00,3.8400,3.8400,3.6000,3.6600,88731
31/10/2011 00:00:00,3.8900,3.8900,3.8100,3.8300,25955
28/10/2011 00:00:00,3.9000,3.9000,3.8300,3.8600,65322
27/10/2011 00:00:00,3.9000,3.9200,3.8600,3.8700,48154
26/10/2011 00:00:00,3.8300,3.8900,3.8300,3.8800,23181
25/10/2011 00:00:00,3.8700,3.9500,3.8000,3.8100,43727
24/10/2011 00:00:00,3.9100,3.9100,3.8500,3.8700,16137
21/10/2011 00:00:00,3.9000,3.9500,3.8700,3.8700,46558
20/10/2011 00:00:00,3.9200,3.9500,3.8900,3.8900,21935
19/10/2011 00:00:00,3.8500,3.9400,3.8400,3.9400,82409
18/10/2011 00:00:00,3.9000,3.9400,3.8300,3.8300,36440
17/10/2011 00:00:00,3.9000,3.9500,3.8700,3.9100,50551
14/10/2011 00:00:00,3.8500,3.9000,3.8200,3.9000,120689
13/10/2011 00:00:00,3.8500,3.8700,3.8200,3.8500,49607
12/10/2011 00:00:00,3.9500,3.9700,3.7700,3.8500,128855
11/10/2011 00:00:00,3.9800,4.0500,3.9400,3.9400,67279
10/10/2011 00:00:00,4.0500,4.0900,3.9600,3.9600,88587
07/10/2011 00:00:00,4.0800,4.1600,4.0100,4.0100,44620
06/10/2011 00:00:00,4.0900,4.2000,4.0700,4.0700,55662
05/10/2011 00:00:00,3.9900,4.1000,3.9800,4.0700,80223
04/10/2011 00:00:00,4.1500,4.2200,3.9600,3.9600,68050
03/10/2011 00:00:00,4.2100,4.3000,4.1300,4.1700,33184
30/09/2011 00:00:00,4.2400,4.3400,4.2000,4.2000,31366
29/09/2011 00:00:00,4.3700,4.4100,4.2000,4.2400,82913
28/09/2011 00:00:00,4.5500,4.5500,4.3700,4.3700,47583
27/09/2011 00:00:00,4.5100,4.6600,4.5000,4.5500,67774
26/09/2011 00:00:00,4.4200,4.5200,4.3700,4.4700,41676
22/09/2011 00:00:00,4.8500,4.8600,4.5200,4.5600,44772
21/09/2011 00:00:00,4.9800,4.9800,4.8500,4.8700,19364
20/09/2011 00:00:00,4.9100,4.9700,4.8600,4.9300,21290
19/09/2011 00:00:00,5.0100,5.0400,4.9200,4.9200,30302
16/09/2011 00:00:00,5.1900,5.1900,4.9700,5.0100,51936
15/09/2011 00:00:00,5.0800,5.1800,5.0300,5.0500,92187
14/09/2011 00:00:00,5.0000,5.0500,4.9700,4.9700,29690
13/09/2011 00:00:00,5.1000,5.1900,4.9300,4.9700,104038
12/09/2011 00:00:00,5.2200,5.2300,5.0300,5.0300,41142
09/09/2011 00:00:00,5.5500,5.5500,5.2200,5.2300,45847
08/09/2011 00:00:00,5.5900,5.7000,5.5300,5.5300,17643
07/09/2011 00:00:00,5.5800,5.6400,5.5200,5.5700,25887
06/09/2011 00:00:00,5.5000,5.5700,5.2600,5.3900,82022
05/09/2011 00:00:00,5.7000,5.7000,5.5000,5.5000,33735
02/09/2011 00:00:00,5.9800,5.9800,5.7000,5.7300,36590
01/09/2011 00:00:00,6.1300,6.1300,5.9100,5.9900,53995
31/08/2011 00:00:00,5.9700,6.2600,5.9600,6.2600,54724
30/08/2011 00:00:00,6.0000,6.0100,5.9200,5.9200,47242
29/08/2011 00:00:00,6.0200,6.1000,5.9600,5.9600,30876
26/08/2011 00:00:00,6.1700,6.3400,5.9600,5.9800,42161
25/08/2011 00:00:00,6.2500,6.3500,6.1300,6.1700,39529
24/08/2011 00:00:00,6.0500,6.1000,6.0100,6.0400,48046
23/08/2011 00:00:00,6.0000,6.1700,6.0000,6.0000,21869
22/08/2011 00:00:00,5.8000,6.1400,5.8000,5.9300,30141
19/08/2011 00:00:00,5.9000,5.9400,5.7000,5.8000,39143
18/08/2011 00:00:00,6.3000,6.3100,5.9600,6.0000,52864
17/08/2011 00:00:00,6.2000,6.3500,6.1000,6.3300,15352
16/08/2011 00:00:00,6.4000,6.4000,6.1100,6.1900,56493
15/08/2011 00:00:00,6.2600,6.4100,6.1600,6.3200,38659
12/08/2011 00:00:00,5.9600,6.2600,5.9200,6.0600,99592
11/08/2011 00:00:00,5.9100,6.0500,5.7200,5.9200,97508
10/08/2011 00:00:00,6.5000,6.5700,5.8600,5.8800,130386
09/08/2011 00:00:00,5.5000,5.9300,5.2500,5.8900,82757
08/08/2011 00:00:00,5.6000,6.0000,5.5000,5.6700,85767
05/08/2011 00:00:00,5.2500,6.3000,5.0000,6.1700,123628
04/08/2011 00:00:00,6.7800,6.9400,6.3600,6.3600,60132
03/08/2011 00:00:00,7.0000,7.0000,6.5000,6.7800,98595
02/08/2011 00:00:00,7.3000,7.3300,7.0700,7.0800,48581
01/08/2011 00:00:00,7.6600,7.7200,7.3600,7.3600,45386
29/07/2011 00:00:00,7.7300,7.8200,7.4900,7.5800,58269
28/07/2011 00:00:00,7.9000,7.9000,7.7700,7.7700,15498
27/07/2011 00:00:00,7.9100,8.0700,7.8500,7.9500,37106
26/07/2011 00:00:00,7.8200,7.9200,7.8200,7.9100,12308
25/07/2011 00:00:00,7.7100,7.8500,7.7000,7.8300,40442
22/07/2011 00:00:00,7.9500,7.9600,7.8200,7.8200,20311
21/07/2011 00:00:00,7.9000,7.9700,7.8400,7.9500,14928
20/07/2011 00:00:00,8.0000,8.0500,7.8300,7.8800,17364
19/07/2011 00:00:00,7.7500,7.9600,7.7100,7.9600,20961
18/07/2011 00:00:00,7.9500,7.9500,7.6100,7.7800,61797
15/07/2011 00:00:00,8.0500,8.1500,8.0000,8.0000,14200
14/07/2011 00:00:00,8.2800,8.2800,8.0400,8.0800,15348
13/07/2011 00:00:00,8.1100,8.2800,8.1100,8.1800,21382
12/07/2011 00:00:00,8.1200,8.1900,7.8200,8.1800,83648
11/07/2011 00:00:00,8.4500,8.4700,8.1700,8.2500,35171
08/07/2011 00:00:00,8.4900,8.4900,8.3600,8.4800,31378
07/07/2011 00:00:00,8.5000,8.5700,8.4800,8.4900,45567
06/07/2011 00:00:00,8.5000,8.6000,8.4900,8.5000,72663
05/07/2011 00:00:00,8.5000,8.5000,8.4500,8.5000,63005
04/07/2011 00:00:00,8.5700,8.6500,8.5500,8.6000,22079
01/07/2011 00:00:00,8.5000,8.5700,8.4500,8.4900,83482
30/06/2011 00:00:00,8.5000,8.5000,8.4100,8.4900,29169
29/06/2011 00:00:00,8.6500,8.6500,8.4600,8.5000,36161
28/06/2011 00:00:00,8.4200,8.6100,8.3600,8.6100,27066
27/06/2011 00:00:00,8.3300,8.4000,8.2500,8.3300,30133
24/06/2011 00:00:00,8.1700,8.1900,8.0600,8.1400,67239
23/06/2011 00:00:00,8.1300,8.1800,7.8300,7.9200,95894
22/06/2011 00:00:00,8.1900,8.2000,8.1200,8.1200,23014
21/06/2011 00:00:00,8.1700,8.2400,8.1300,8.1400,37536
20/06/2011 00:00:00,8.4600,8.4800,8.1000,8.1400,110851
17/06/2011 00:00:00,8.5000,8.5400,8.4700,8.4900,38887
16/06/2011 00:00:00,8.6800,8.6800,8.5100,8.5500,83784
15/06/2011 00:00:00,8.6500,8.7000,8.6300,8.6300,12342
14/06/2011 00:00:00,8.6800,8.6900,8.6400,8.6500,17359
13/06/2011 00:00:00,8.6400,8.7300,8.6400,8.6700,16357
10/06/2011 00:00:00,8.7000,8.7100,8.6400,8.6400,38190
09/06/2011 00:00:00,8.6600,8.7300,8.6300,8.6400,90169
08/06/2011 00:00:00,8.7900,8.7900,8.6600,8.6600,30640
07/06/2011 00:00:00,8.7000,8.7900,8.6700,8.7200,12966
06/06/2011 00:00:00,8.7400,8.7400,8.6200,8.6200,17994
03/06/2011 00:00:00,8.6500,8.7200,8.6400,8.6400,11310
02/06/2011 00:00:00,8.6700,8.7100,8.6500,8.6600,14031
01/06/2011 00:00:00,8.7500,8.7500,8.7000,8.7000,29714
31/05/2011 00:00:00,8.8000,8.8000,8.7000,8.7500,51864
30/05/2011 00:00:00,8.7500,8.7500,8.6700,8.7500,26550
27/05/2011 00:00:00,8.7800,8.8400,8.6700,8.7500,74068
26/05/2011 00:00:00,8.6000,8.7500,8.5400,8.7500,64675
25/05/2011 00:00:00,8.4800,8.4900,8.3500,8.4600,27843
24/05/2011 00:00:00,8.2200,8.4300,8.2000,8.4000,28833
23/05/2011 00:00:00,8.4900,8.4900,8.1700,8.2100,43986
20/05/2011 00:00:00,8.6000,8.6300,8.4600,8.4800,38204
19/05/2011 00:00:00,8.4500,8.5700,8.3600,8.5500,145749
18/05/2011 00:00:00,8.9500,8.9500,8.4500,8.4500,431266
17/05/2011 00:00:00,7.9900,7.9900,7.9000,7.9400,7050
16/05/2011 00:00:00,7.9600,7.9800,7.9000,7.9600,16452
13/05/2011 00:00:00,8.0400,8.0400,7.9300,7.9800,16418
12/05/2011 00:00:00,7.9900,8.0000,7.8700,7.9600,24204
11/05/2011 00:00:00,7.9900,7.9900,7.9200,7.9500,11175
10/05/2011 00:00:00,7.9900,8.0000,7.9500,7.9900,40242
09/05/2011 00:00:00,8.0800,8.0800,7.9500,7.9500,16486
06/05/2011 00:00:00,8.0000,8.0900,7.9500,8.0800,19787
05/05/2011 00:00:00,8.0000,8.0300,7.8600,7.9500,41978
04/05/2011 00:00:00,8.0900,8.0900,7.9700,7.9800,16981
03/05/2011 00:00:00,8.0800,8.0800,7.9900,8.0100,25116
02/05/2011 00:00:00,8.1000,8.1000,7.9600,8.0100,61348
29/04/2011 00:00:00,8.2500,8.2500,7.9100,7.9700,103342
28/04/2011 00:00:00,8.4200,8.5000,8.1600,8.2100,51840
27/04/2011 00:00:00,8.6100,8.6400,8.4100,8.4300,37179
26/04/2011 00:00:00,8.7000,8.7000,8.6100,8.6100,12758
21/04/2011 00:00:00,8.6600,8.7300,8.6500,8.6500,19150
20/04/2011 00:00:00,8.6600,8.8000,8.6600,8.6600,23546
19/04/2011 00:00:00,8.6900,8.7000,8.6000,8.6600,11495
18/04/2011 00:00:00,8.7000,8.7500,8.6000,8.7100,27513
15/04/2011 00:00:00,8.7200,8.7700,8.6000,8.7000,70996
14/04/2011 00:00:00,8.8800,8.9000,8.7200,8.8100,25148
13/04/2011 00:00:00,8.8900,8.9000,8.7000,8.8500,59490
12/04/2011 00:00:00,8.8000,8.8000,8.5400,8.7000,24915
11/04/2011 00:00:00,8.8600,8.9900,8.7000,8.7500,37658
08/04/2011 00:00:00,9.0400,9.1500,8.8500,8.9800,59204
07/04/2011 00:00:00,9.0000,9.2500,9.0000,9.0400,73290
06/04/2011 00:00:00,8.5800,9.0000,8.5800,9.0000,85876
05/04/2011 00:00:00,8.5300,8.6300,8.5300,8.6200,40248
01/04/2011 00:00:00,8.4600,8.5200,8.4100,8.5100,16210
31/03/2011 00:00:00,8.5400,8.5400,8.3100,8.3500,28133
30/03/2011 00:00:00,8.4100,8.5700,8.4100,8.5500,53552
29/03/2011 00:00:00,8.2500,8.4000,8.2500,8.4000,71804
28/03/2011 00:00:00,8.2400,8.2500,8.1500,8.2200,20001
25/03/2011 00:00:00,8.1100,8.2500,8.1000,8.1500,57239
24/03/2011 00:00:00,8.0900,8.1600,8.0900,8.1400,7170
23/03/2011 00:00:00,8.1100,8.1800,8.0800,8.1200,14857
22/03/2011 00:00:00,8.0500,8.1600,8.0500,8.1100,16203
21/03/2011 00:00:00,8.0500,8.1300,7.9400,8.0700,22135
18/03/2011 00:00:00,7.8800,8.0900,7.8500,7.8600,29440
17/03/2011 00:00:00,7.7500,7.8200,7.7200,7.7500,15646
16/03/2011 00:00:00,7.6500,7.9100,7.6500,7.7100,35873
15/03/2011 00:00:00,7.9400,7.9400,7.5400,7.6500,79963
14/03/2011 00:00:00,8.0000,8.0400,7.9500,7.9500,23593
11/03/2011 00:00:00,8.1000,8.1100,7.9800,8.0000,112622
10/03/2011 00:00:00,8.0500,8.1400,8.0500,8.0800,23356
09/03/2011 00:00:00,8.1200,8.1800,8.0500,8.0700,39279
08/03/2011 00:00:00,8.1000,8.2000,8.0500,8.1200,104624
07/03/2011 00:00:00,8.0700,8.1000,8.0000,8.0400,77511
04/03/2011 00:00:00,8.0900,8.1500,7.9600,7.9600,48940
03/03/2011 00:00:00,8.0500,8.1200,7.9500,8.0200,90108
02/03/2011 00:00:00,7.9000,8.0000,7.8600,7.8800,54870
01/03/2011 00:00:00,7.8300,7.9000,7.8300,7.9000,22079
28/02/2011 00:00:00,7.9000,7.9900,7.8700,7.8700,22703
25/02/2011 00:00:00,7.8700,8.0400,7.8700,7.8800,49651
24/02/2011 00:00:00,8.0900,8.0900,7.8300,7.9400,34574
23/02/2011 00:00:00,8.1100,8.1100,8.0400,8.0800,38618
22/02/2011 00:00:00,8.1200,8.1200,8.0000,8.0800,17581
21/02/2011 00:00:00,8.0700,8.1100,8.0400,8.1100,20755
18/02/2011 00:00:00,8.0500,8.0800,7.9900,8.0600,11053
17/02/2011 00:00:00,8.0000,8.0800,7.9500,7.9500,25130
16/02/2011 00:00:00,7.8400,7.9800,7.8200,7.9800,22461
15/02/2011 00:00:00,7.7900,7.8400,7.7500,7.8400,13046
14/02/2011 00:00:00,7.7600,7.7900,7.7500,7.7900,9833
11/02/2011 00:00:00,7.7800,7.8200,7.7500,7.7600,9477
10/02/2011 00:00:00,7.8100,7.8300,7.7800,7.7800,14547
09/02/2011 00:00:00,7.8000,7.8500,7.8000,7.8000,23394
08/02/2011 00:00:00,7.8100,7.8500,7.8100,7.8500,20120
07/02/2011 00:00:00,7.8400,7.8400,7.8000,7.8400,10390
04/02/2011 00:00:00,7.8000,7.9600,7.8000,7.8100,51526
03/02/2011 00:00:00,7.8000,7.8400,7.7800,7.8000,16950
02/02/2011 00:00:00,7.7900,7.8300,7.7300,7.7900,21825
01/02/2011 00:00:00,7.8000,7.8300,7.7400,7.8000,10949
31/01/2011 00:00:00,7.8000,7.8400,7.7200,7.8400,19221
28/01/2011 00:00:00,7.8000,7.8500,7.7900,7.8500,14159
27/01/2011 00:00:00,7.8000,7.8200,7.7800,7.8100,94535
26/01/2011 00:00:00,7.8200,7.9000,7.7700,7.8000,34002
25/01/2011 00:00:00,7.9000,7.9700,7.7800,7.7900,55692
24/01/2011 00:00:00,7.8900,7.9800,7.8500,7.8900,18570
21/01/2011 00:00:00,7.9900,8.0400,7.8100,7.8900,61979
20/01/2011 00:00:00,7.9600,8.0500,7.8700,7.8700,122334
19/01/2011 00:00:00,7.9700,7.9800,7.9200,7.9800,16826
18/01/2011 00:00:00,7.9000,7.9600,7.8700,7.9600,29420
17/01/2011 00:00:00,7.9200,7.9800,7.8800,7.9000,21307
14/01/2011 00:00:00,7.9500,7.9700,7.9100,7.9500,23308
13/01/2011 00:00:00,7.9000,7.9500,7.8700,7.9000,19284
12/01/2011 00:00:00,7.9100,7.9600,7.9000,7.9000,13133
11/01/2011 00:00:00,7.7700,7.9000,7.7400,7.9000,17227
10/01/2011 00:00:00,7.7600,7.7900,7.6700,7.7000,30861
07/01/2011 00:00:00,7.8600,7.8600,7.6500,7.6700,33483
06/01/2011 00:00:00,8.0000,8.0000,7.8500,7.9000,33904
05/01/2011 00:00:00,8.0000,8.0200,7.9800,8.0000,8896
04/01/2011 00:00:00,8.0000,8.0400,7.9600,7.9600,10619
03/01/2011 00:00:00,8.0700,8.0700,7.9500,8.0000,19764
31/12/2010 00:00:00,8.0000,8.0000,7.9600,7.9600,5897
30/12/2010 00:00:00,7.9800,8.0000,7.9700,7.9900,9614
29/12/2010 00:00:00,8.0000,8.0500,7.9800,8.0000,13575
28/12/2010 00:00:00,8.0100,8.0400,7.9900,8.0000,18622
27/12/2010 00:00:00,8.0200,8.0500,8.0100,8.0100,12755
24/12/2010 00:00:00,8.0100,8.0100,7.9900,8.0000,82788
23/12/2010 00:00:00,8.0000,8.0500,7.9800,8.0000,11503
22/12/2010 00:00:00,7.9700,8.0500,7.9700,8.0000,16388
21/12/2010 00:00:00,8.0300,8.0300,7.9800,8.0000,43341
20/12/2010 00:00:00,7.9900,8.0300,7.9500,7.9700,21528
17/12/2010 00:00:00,8.0000,8.0100,7.9600,7.9900,9280
16/12/2010 00:00:00,8.0000,8.0200,7.9700,8.0000,27137
15/12/2010 00:00:00,8.0000,8.0200,7.9800,8.0000,16930
14/12/2010 00:00:00,8.0100,8.0600,7.9800,8.0000,24402
13/12/2010 00:00:00,8.0300,8.1300,8.0100,8.0100,21038
10/12/2010 00:00:00,8.0000,8.1400,8.0000,8.0200,35841
09/12/2010 00:00:00,8.0700,8.1100,7.9800,8.0000,40548
08/12/2010 00:00:00,8.0300,8.1400,7.9400,7.9400,31069
07/12/2010 00:00:00,8.0600,8.1500,8.0300,8.0300,22756
06/12/2010 00:00:00,8.2000,8.2000,8.0800,8.1400,16536
03/12/2010 00:00:00,8.2000,8.2500,8.1200,8.1600,12614
02/12/2010 00:00:00,8.2000,8.2200,8.1500,8.2000,16873
01/12/2010 00:00:00,8.0900,8.2300,8.0000,8.1200,39919
30/11/2010 00:00:00,7.9000,8.0000,7.8500,8.0000,26731
29/11/2010 00:00:00,8.0000,8.1000,7.9100,7.9100,30307
26/11/2010 00:00:00,8.0900,8.1500,8.0000,8.0000,38818
25/11/2010 00:00:00,8.2000,8.2700,8.1000,8.1000,81011
24/11/2010 00:00:00,8.1500,8.2000,8.0800,8.0800,33686
23/11/2010 00:00:00,8.1600,8.2300,8.1600,8.1600,16079
22/11/2010 00:00:00,8.1500,8.2900,8.1500,8.1600,23324
19/11/2010 00:00:00,8.0400,8.1200,8.0400,8.0600,24335
18/11/2010 00:00:00,8.1300,8.2000,7.9500,8.0400,60744
17/11/2010 00:00:00,8.4000,8.4000,8.2700,8.4000,37664
16/11/2010 00:00:00,8.4700,8.4700,8.4100,8.4100,21821
15/11/2010 00:00:00,8.5000,8.5000,8.4300,8.4700,166849
12/11/2010 00:00:00,8.4600,8.5200,8.4000,8.4600,25399
11/11/2010 00:00:00,8.5700,8.6000,8.4500,8.5000,49654
10/11/2010 00:00:00,8.4700,8.5900,8.4100,8.4100,49262
09/11/2010 00:00:00,8.4500,8.4600,8.3600,8.4600,36272
08/11/2010 00:00:00,8.3000,8.4200,8.3000,8.4100,11950
05/11/2010 00:00:00,8.4300,8.4300,8.3000,8.3400,9666
04/11/2010 00:00:00,8.4000,8.4200,8.3100,8.3200,18933
03/11/2010 00:00:00,8.3400,8.3700,8.3200,8.3500,17340
02/11/2010 00:00:00,8.3100,8.3300,8.2400,8.3200,16608
01/11/2010 00:00:00,8.2500,8.3000,8.2200,8.3000,19801
29/10/2010 00:00:00,8.2800,8.3300,8.2500,8.2500,5658
28/10/2010 00:00:00,8.3000,8.3500,8.2600,8.3100,13499
27/10/2010 00:00:00,8.3000,8.3500,8.1800,8.3500,21834
26/10/2010 00:00:00,8.3400,8.3400,8.1300,8.2500,29882
25/10/2010 00:00:00,8.3400,8.3400,8.2400,8.2600,14657
22/10/2010 00:00:00,8.2100,8.3500,8.2000,8.2300,11320
21/10/2010 00:00:00,8.3500,8.3500,8.2000,8.3400,14733
20/10/2010 00:00:00,8.3700,8.3700,8.1300,8.2900,28038
19/10/2010 00:00:00,8.4200,8.4700,8.3800,8.3900,11116
18/10/2010 00:00:00,8.5500,8.5900,8.4100,8.4300,13603
15/10/2010 00:00:00,8.5800,8.6000,8.4700,8.4700,27484
14/10/2010 00:00:00,8.5000,8.5800,8.4500,8.5800,69974
13/10/2010 00:00:00,8.4000,8.5000,8.3900,8.4900,39375
12/10/2010 00:00:00,8.3300,8.4000,8.2400,8.3900,60148
11/10/2010 00:00:00,8.2500,8.3900,8.1000,8.3400,123925
08/10/2010 00:00:00,8.1200,8.1400,8.0200,8.0200,14493
07/10/2010 00:00:00,8.1400,8.1400,8.1000,8.1000,8266
06/10/2010 00:00:00,8.1200,8.1700,8.0600,8.1300,18931
04/10/2010 00:00:00,8.2000,8.2400,8.1100,8.1200,18483
01/10/2010 00:00:00,8.0500,8.2000,8.0500,8.1800,85214
30/09/2010 00:00:00,7.9000,7.9700,7.8500,7.9500,26165
29/09/2010 00:00:00,7.8400,7.9400,7.8400,7.8500,7377
28/09/2010 00:00:00,7.9500,7.9500,7.8000,7.8200,21330
27/09/2010 00:00:00,7.9200,7.9500,7.8000,7.9500,30564
24/09/2010 00:00:00,7.8700,7.9200,7.7800,7.8800,34169
23/09/2010 00:00:00,7.8400,7.8500,7.7600,7.8000,27310
22/09/2010 00:00:00,7.8000,7.8800,7.6100,7.7600,27225
21/09/2010 00:00:00,7.6300,7.8200,7.6000,7.8000,53117
20/09/2010 00:00:00,7.2700,7.5500,7.2600,7.5500,51435
17/09/2010 00:00:00,7.1400,7.2900,7.1000,7.1000,13882
16/09/2010 00:00:00,7.1500,7.2000,7.1300,7.2000,2557
15/09/2010 00:00:00,7.1800,7.2500,7.1400,7.2500,4294
14/09/2010 00:00:00,7.2000,7.2400,7.1600,7.1800,3114
13/09/2010 00:00:00,7.2800,7.2900,7.1600,7.2900,5373
10/09/2010 00:00:00,7.1800,7.2900,7.1200,7.2800,6635
09/09/2010 00:00:00,7.2700,7.2900,7.1800,7.2900,4950
08/09/2010 00:00:00,7.1500,7.3000,7.1500,7.3000,1624
07/09/2010 00:00:00,7.3000,7.3000,7.2000,7.2000,1166
06/09/2010 00:00:00,7.2400,7.3000,7.2400,7.3000,1746
03/09/2010 00:00:00,7.2000,7.2900,7.1200,7.2400,6205
02/09/2010 00:00:00,7.1800,7.2600,7.1300,7.2000,5397
01/09/2010 00:00:00,7.1500,7.1800,7.0000,7.1800,13395
31/08/2010 00:00:00,7.1800,7.2300,7.0700,7.1700,10441
30/08/2010 00:00:00,7.2900,7.2900,7.1700,7.2100,7511
27/08/2010 00:00:00,7.2300,7.2500,7.1600,7.2000,27579
26/08/2010 00:00:00,7.1600,7.2900,7.1600,7.2500,11403
25/08/2010 00:00:00,7.2200,7.2900,7.2100,7.2100,13093
24/08/2010 00:00:00,7.3000,7.3300,7.2100,7.2100,21020
23/08/2010 00:00:00,7.3500,7.3500,7.2700,7.3200,2620
20/08/2010 00:00:00,7.4000,7.4000,7.2400,7.3000,10951
19/08/2010 00:00:00,7.4100,7.4100,7.3100,7.4000,5324
18/08/2010 00:00:00,7.4300,7.4300,7.3200,7.4200,4072
17/08/2010 00:00:00,7.3900,7.3900,7.2800,7.3800,1164
16/08/2010 00:00:00,7.3000,7.3900,7.2500,7.3900,6517
13/08/2010 00:00:00,7.2500,7.3000,7.2500,7.2500,3027
12/08/2010 00:00:00,7.3200,7.3700,7.2600,7.2600,10481
11/08/2010 00:00:00,7.4000,7.4000,7.3000,7.3000,4455
10/08/2010 00:00:00,7.4000,7.4300,7.3100,7.3100,7078
09/08/2010 00:00:00,7.4600,7.4800,7.3600,7.4000,2703
06/08/2010 00:00:00,7.4500,7.5500,7.3100,7.3100,9495
05/08/2010 00:00:00,7.4000,7.5400,7.3000,7.4500,16437
04/08/2010 00:00:00,7.3500,7.5500,7.3200,7.3800,50405
03/08/2010 00:00:00,7.2700,7.3500,7.2400,7.3000,162683
02/08/2010 00:00:00,7.1600,7.2300,7.0800,7.2100,12860
30/07/2010 00:00:00,7.1600,7.1900,7.0500,7.1900,8288
29/07/2010 00:00:00,7.2900,7.2900,7.1500,7.1800,6384
28/07/2010 00:00:00,7.2300,7.3100,7.1800,7.2900,7447
27/07/2010 00:00:00,7.3200,7.3200,7.3000,7.3200,3978
26/07/2010 00:00:00,7.2600,7.3600,7.2200,7.2300,11288
23/07/2010 00:00:00,7.4800,7.4800,7.2600,7.2600,12325
22/07/2010 00:00:00,7.3500,7.4400,7.3400,7.4400,1201
21/07/2010 00:00:00,7.4900,7.4900,7.3200,7.4900,4627
20/07/2010 00:00:00,7.4700,7.5000,7.3500,7.4900,5784
19/07/2010 00:00:00,7.3900,7.4900,7.3500,7.3500,5298
16/07/2010 00:00:00,7.5800,7.5800,7.3500,7.3500,3891
15/07/2010 00:00:00,7.5900,7.5900,7.3500,7.4200,6283
14/07/2010 00:00:00,7.6000,7.6200,7.4500,7.4500,9226
13/07/2010 00:00:00,7.4400,7.6000,7.4200,7.6000,13475
12/07/2010 00:00:00,7.4400,7.4400,7.2700,7.4200,2074
09/07/2010 00:00:00,7.3500,7.4400,7.3200,7.4400,3106
08/07/2010 00:00:00,7.4900,7.4900,7.3200,7.4400,5372
07/07/2010 00:00:00,7.2500,7.3800,7.1600,7.3700,14282
06/07/2010 00:00:00,7.2200,7.3200,7.2100,7.3000,5579
05/07/2010 00:00:00,7.1800,7.2700,7.0700,7.2500,12271
02/07/2010 00:00:00,7.2100,7.2100,7.0500,7.0600,7813
01/07/2010 00:00:00,7.4100,7.4100,7.0500,7.0500,28396
30/06/2010 00:00:00,7.5500,7.5800,7.4500,7.4500,10307
29/06/2010 00:00:00,7.6900,7.7000,7.5000,7.5000,20302
28/06/2010 00:00:00,7.6100,7.6900,7.6000,7.6900,16551
25/06/2010 00:00:00,7.6400,7.6500,7.5600,7.6500,13032
24/06/2010 00:00:00,7.5300,7.6500,7.4900,7.5300,10188
23/06/2010 00:00:00,7.3600,7.5400,7.3600,7.4900,4230
22/06/2010 00:00:00,7.5700,7.5700,7.4500,7.5400,12265
21/06/2010 00:00:00,7.4200,7.5700,7.3500,7.5500,12372
18/06/2010 00:00:00,7.5000,7.5000,7.2800,7.4200,14166
17/06/2010 00:00:00,7.5200,7.6000,7.4700,7.5500,4307
16/06/2010 00:00:00,7.6400,7.6900,7.5600,7.6000,6366
15/06/2010 00:00:00,7.5600,7.6400,7.5500,7.6300,5281
14/06/2010 00:00:00,7.6500,7.6800,7.5500,7.6400,3373
11/06/2010 00:00:00,7.7000,7.7100,7.6800,7.6800,3376
10/06/2010 00:00:00,7.6900,7.6900,7.5600,7.6900,9090
09/06/2010 00:00:00,7.7000,7.7200,7.6700,7.7200,6075
08/06/2010 00:00:00,7.5200,7.7400,7.5200,7.5700,8044
07/06/2010 00:00:00,7.6600,7.7500,7.3500,7.6900,31077
04/06/2010 00:00:00,7.8000,7.8800,7.7100,7.7900,12111
03/06/2010 00:00:00,7.8000,7.9100,7.7200,7.8200,14723
02/06/2010 00:00:00,7.7800,7.9100,7.7100,7.7500,27538
01/06/2010 00:00:00,7.8500,7.8500,7.7500,7.8500,11013
31/05/2010 00:00:00,7.9000,7.9000,7.7500,7.8900,10950
28/05/2010 00:00:00,7.9500,7.9800,7.8200,7.9000,26497
27/05/2010 00:00:00,7.7200,7.9700,7.7200,7.9700,58178
26/05/2010 00:00:00,7.1200,7.9300,7.1200,7.9300,156098
25/05/2010 00:00:00,6.8700,7.2000,6.8700,7.0800,30746
24/05/2010 00:00:00,6.9000,7.0900,6.8900,7.0900,20990
21/05/2010 00:00:00,6.4100,6.8700,6.4100,6.8700,23714
20/05/2010 00:00:00,6.9800,7.1000,6.4000,6.6600,31948
19/05/2010 00:00:00,7.0800,7.0800,6.7600,6.8600,25205
18/05/2010 00:00:00,6.8500,7.0900,6.8100,7.0800,12999
17/05/2010 00:00:00,6.5200,6.8400,6.5200,6.8400,21135
14/05/2010 00:00:00,7.0800,7.0800,6.5600,6.5700,24137
13/05/2010 00:00:00,7.0100,7.0200,6.9100,7.0000,4486
12/05/2010 00:00:00,6.9300,7.0400,6.8800,7.0000,28146
11/05/2010 00:00:00,6.8900,7.0000,6.8200,6.8900,18686
10/05/2010 00:00:00,6.5000,6.8200,6.5000,6.7900,45225
07/05/2010 00:00:00,6.9700,7.0000,6.3000,6.3000,64850
06/05/2010 00:00:00,6.7500,6.8000,6.6200,6.7500,37485
05/05/2010 00:00:00,7.0500,7.0500,6.3500,6.7500,89368
04/05/2010 00:00:00,7.3000,7.3200,7.1200,7.1800,13334
03/05/2010 00:00:00,7.1900,7.3300,7.1100,7.3000,13307
30/04/2010 00:00:00,7.2200,7.3200,7.0900,7.0900,17038
29/04/2010 00:00:00,7.2100,7.2900,7.1900,7.2100,9695
28/04/2010 00:00:00,7.5300,7.5300,7.0000,7.3600,75629
27/04/2010 00:00:00,7.5500,7.6700,7.5500,7.5700,25440
26/04/2010 00:00:00,7.6000,7.6700,7.5200,7.6200,7895
23/04/2010 00:00:00,7.5200,7.6500,7.5200,7.6200,12225
22/04/2010 00:00:00,7.6100,7.6400,7.5100,7.5100,5335
21/04/2010 00:00:00,7.6000,7.6100,7.5300,7.6000,6155
20/04/2010 00:00:00,7.6500,7.6500,7.5400,7.6200,9560
19/04/2010 00:00:00,7.6300,7.6500,7.5500,7.6500,90879
16/04/2010 00:00:00,7.6700,7.6700,7.6000,7.6500,17699
15/04/2010 00:00:00,7.6800,7.6800,7.6000,7.6600,4678
14/04/2010 00:00:00,7.6100,7.6600,7.5900,7.6600,18053
13/04/2010 00:00:00,7.6500,7.6700,7.5800,7.5900,23579
12/04/2010 00:00:00,7.6000,7.6500,7.6000,7.6000,8417
09/04/2010 00:00:00,7.6000,7.6200,7.5100,7.6000,29656
08/04/2010 00:00:00,7.5000,7.6400,7.5000,7.6200,42010
07/04/2010 00:00:00,7.5400,7.5900,7.5000,7.5600,6554
06/04/2010 00:00:00,7.5500,7.5500,7.5000,7.5400,25440
05/04/2010 00:00:00,7.6200,7.6200,7.5000,7.5500,13623
02/04/2010 00:00:00,7.6200,7.6200,7.5000,7.5500,13623
01/04/2010 00:00:00,7.6200,7.6200,7.5000,7.5500,13623
31/03/2010 00:00:00,7.6600,7.6600,7.5000,7.6100,202522
30/03/2010 00:00:00,7.6400,7.6400,7.5100,7.6300,27406
29/03/2010 00:00:00,7.6700,7.6700,7.5600,7.6400,11156
26/03/2010 00:00:00,7.6700,7.6700,7.5800,7.6400,34914
25/03/2010 00:00:00,7.6500,7.6700,7.5100,7.6500,65537
24/03/2010 00:00:00,7.6400,7.7000,7.5600,7.7000,18858
23/03/2010 00:00:00,7.6400,7.6600,7.5500,7.6400,27119
22/03/2010 00:00:00,7.6300,7.7200,7.5500,7.5500,45485
19/03/2010 00:00:00,7.6700,7.7700,7.6500,7.7000,15381
18/03/2010 00:00:00,7.7900,7.7900,7.6500,7.6500,27558
17/03/2010 00:00:00,7.8300,7.8300,7.7300,7.8000,22541
16/03/2010 00:00:00,7.7500,7.8400,7.7500,7.8200,31679
15/03/2010 00:00:00,7.8000,7.8000,7.6000,7.7500,63759
12/03/2010 00:00:00,7.8200,7.8200,7.7100,7.7100,45889
11/03/2010 00:00:00,7.8000,7.8500,7.7500,7.8300,19376
10/03/2010 00:00:00,7.7400,7.8400,7.6700,7.8000,28743
09/03/2010 00:00:00,7.5500,7.7200,7.5200,7.6900,55474
08/03/2010 00:00:00,7.7000,7.7000,7.5100,7.5700,54006
05/03/2010 00:00:00,7.6000,7.6700,7.5100,7.6700,25042
04/03/2010 00:00:00,7.6000,7.7000,7.5100,7.6000,28644
03/03/2010 00:00:00,7.7100,7.7300,7.5100,7.6000,32642
02/03/2010 00:00:00,7.8500,7.8900,7.7100,7.7800,27096
01/03/2010 00:00:00,8.0000,8.0000,7.8100,7.9000,25918
26/02/2010 00:00:00,8.2600,8.2600,7.8200,7.9500,90490
25/02/2010 00:00:00,8.3300,8.3400,8.2600,8.2600,8951
24/02/2010 00:00:00,8.3300,8.3300,8.2600,8.3000,9156
23/02/2010 00:00:00,8.3500,8.4000,8.2100,8.2600,68395
22/02/2010 00:00:00,8.3900,8.4300,8.3500,8.3500,29868
19/02/2010 00:00:00,8.3000,8.3500,8.2900,8.3100,14665
18/02/2010 00:00:00,8.4000,8.4000,8.2900,8.3100,38669
17/02/2010 00:00:00,8.3800,8.4000,8.3700,8.3700,39107
16/02/2010 00:00:00,8.2600,8.3800,8.2500,8.3100,66977
15/02/2010 00:00:00,8.1300,8.2500,8.1300,8.2400,19326
12/02/2010 00:00:00,7.9900,8.1900,7.9700,8.1200,46456
11/02/2010 00:00:00,7.8800,8.0000,7.8800,7.9500,3830
10/02/2010 00:00:00,7.9700,8.0000,7.8700,7.9900,9023
09/02/2010 00:00:00,7.8100,7.9000,7.8000,7.9000,6310
08/02/2010 00:00:00,7.9700,8.0200,7.8000,7.8000,28240
05/02/2010 00:00:00,7.9900,8.0400,7.9600,7.9900,88808
04/02/2010 00:00:00,8.0600,8.1400,8.0100,8.0100,10585
03/02/2010 00:00:00,8.1500,8.2000,8.0600,8.0600,33301
02/02/2010 00:00:00,8.1800,8.2000,8.0600,8.1200,20568
01/02/2010 00:00:00,8.1000,8.2500,8.0200,8.0600,12141
29/01/2010 00:00:00,8.1000,8.2000,8.0100,8.1800,13076
28/01/2010 00:00:00,8.2500,8.2500,8.1100,8.1100,9988
27/01/2010 00:00:00,8.2100,8.2500,8.1000,8.1200,9192
26/01/2010 00:00:00,8.1000,8.1900,8.0100,8.1200,28111
25/01/2010 00:00:00,8.2200,8.3300,8.0400,8.0400,22010
22/01/2010 00:00:00,8.3600,8.3800,8.1900,8.1900,39869
21/01/2010 00:00:00,8.3500,8.4800,8.3500,8.3800,23955
20/01/2010 00:00:00,8.3100,8.4600,8.3000,8.3500,41388
19/01/2010 00:00:00,8.1500,8.3400,8.1000,8.3000,46918
18/01/2010 00:00:00,8.0000,8.1500,7.9900,8.1500,24238
15/01/2010 00:00:00,7.9700,8.0800,7.9200,8.0000,33445
14/01/2010 00:00:00,7.9500,7.9700,7.9300,7.9700,8421
13/01/2010 00:00:00,7.8700,7.9700,7.8700,7.9000,18175
12/01/2010 00:00:00,7.9000,7.9300,7.8200,7.9000,28392
11/01/2010 00:00:00,7.8700,7.9000,7.7500,7.7600,24665
08/01/2010 00:00:00,7.7500,7.9000,7.7000,7.8000,69711
07/01/2010 00:00:00,7.8000,7.8000,7.6800,7.7000,36827
06/01/2010 00:00:00,7.7900,7.8000,7.6600,7.7200,4705
05/01/2010 00:00:00,7.7700,7.8400,7.6100,7.7900,18779
04/01/2010 00:00:00,7.9400,7.9400,7.8000,7.8500,17801
01/01/2010 00:00:00,7.7300,8.0000,7.6300,8.0000,12956
30/12/2009 00:00:00,7.8000,7.8000,7.6900,7.7500,8982
29/12/2009 00:00:00,7.7500,7.7700,7.7300,7.7700,811
28/12/2009 00:00:00,7.7500,7.7700,7.7500,7.7500,4360
24/12/2009 00:00:00,7.8000,7.8000,7.7500,7.7500,392
23/12/2009 00:00:00,7.8200,7.8200,7.7100,7.7600,13469
22/12/2009 00:00:00,7.8500,7.8500,7.7500,7.8000,7146
21/12/2009 00:00:00,7.9000,7.9000,7.7700,7.8000,22990
18/12/2009 00:00:00,7.9000,7.9300,7.8000,7.9000,12578
17/12/2009 00:00:00,7.8600,7.9300,7.8000,7.9000,7010
16/12/2009 00:00:00,7.9500,7.9500,7.7700,7.9000,3413
15/12/2009 00:00:00,7.9400,7.9400,7.7100,7.9400,16250
14/12/2009 00:00:00,7.9500,7.9600,7.7700,7.9000,11346
11/12/2009 00:00:00,7.8000,7.9500,7.8000,7.9500,30169
10/12/2009 00:00:00,7.8000,7.9000,7.7500,7.8500,20560
09/12/2009 00:00:00,7.7400,7.8900,7.7000,7.8700,101184
08/12/2009 00:00:00,7.7500,7.8500,7.7400,7.7900,7639
07/12/2009 00:00:00,7.9400,7.9400,7.6900,7.6900,24622
04/12/2009 00:00:00,7.8700,7.9300,7.6700,7.8900,23089
03/12/2009 00:00:00,7.7200,7.9000,7.7200,7.8600,26273
02/12/2009 00:00:00,7.4700,7.5900,7.3800,7.5400,29263
01/12/2009 00:00:00,7.3600,7.4100,7.3000,7.3500,10056
30/11/2009 00:00:00,7.4000,7.5600,7.2700,7.4400,11225
27/11/2009 00:00:00,7.4000,7.4800,7.0500,7.4700,24071
26/11/2009 00:00:00,7.8000,7.8000,7.6000,7.6000,60974
25/11/2009 00:00:00,7.8000,7.8900,7.7800,7.7800,6089
24/11/2009 00:00:00,7.8500,7.9200,7.7800,7.8000,10313
23/11/2009 00:00:00,7.8500,7.8500,7.7200,7.7500,7410
20/11/2009 00:00:00,7.8000,7.8900,7.8000,7.8500,4029
19/11/2009 00:00:00,7.8500,7.9000,7.7500,7.7500,10745
18/11/2009 00:00:00,7.8100,7.8500,7.7500,7.7500,14515
17/11/2009 00:00:00,7.9200,7.9200,7.8100,7.8200,7430
16/11/2009 00:00:00,7.9900,7.9900,7.8600,7.9000,7711
13/11/2009 00:00:00,7.9000,8.0000,7.9000,7.9000,15663
12/11/2009 00:00:00,8.0000,8.0000,7.8500,7.8500,11180
11/11/2009 00:00:00,7.9800,8.0800,7.8500,8.0000,15075
10/11/2009 00:00:00,7.9000,8.0000,7.8600,7.9000,7953
09/11/2009 00:00:00,7.9900,8.0900,7.7500,7.8500,34874
06/11/2009 00:00:00,7.9300,7.9300,7.8000,7.9000,7069
05/11/2009 00:00:00,7.7600,7.9300,7.7500,7.8900,16651
04/11/2009 00:00:00,7.8000,7.8500,7.6100,7.8500,8822
03/11/2009 00:00:00,7.9200,8.0000,7.6100,7.7100,20033
02/11/2009 00:00:00,8.2000,8.2000,7.9000,7.9100,14892
30/10/2009 00:00:00,8.3000,8.4400,8.2000,8.2000,29988
29/10/2009 00:00:00,7.7500,8.2500,7.7500,8.1000,56514
28/10/2009 00:00:00,8.2200,8.2500,7.3100,7.7500,102100
27/10/2009 00:00:00,8.3500,8.4000,8.2100,8.2200,25263
26/10/2009 00:00:00,8.4900,8.5100,8.4000,8.4000,30870
23/10/2009 00:00:00,8.485,8.495,8.41,8.4600,21150.5
22/10/2009 00:00:00,8.4800,8.4800,8.4200,8.4600,11431
21/10/2009 00:00:00,8.4500,8.5000,8.3000,8.4200,27623
20/10/2009 00:00:00,8.5000,8.5000,8.4000,8.4500,27575
19/10/2009 00:00:00,8.4700,8.5300,8.3300,8.4800,42598
16/10/2009 00:00:00,8.4500,8.4700,8.3100,8.3200,15445
15/10/2009 00:00:00,8.5000,8.5200,8.3200,8.4700,30272
14/10/2009 00:00:00,8.2900,8.4800,8.2900,8.4800,44367
13/10/2009 00:00:00,8.2400,8.5000,8.2100,8.3000,49562
12/10/2009 00:00:00,8.0500,8.2200,8.0100,8.2100,32491
09/10/2009 00:00:00,8.1000,8.1300,7.9200,8.0500,54967
08/10/2009 00:00:00,8.1000,8.2000,8.0900,8.1000,52425
07/10/2009 00:00:00,8.1900,8.2000,8.0100,8.0800,50898
06/10/2009 00:00:00,8.2000,8.2000,8.0000,8.1900,63940
05/10/2009 00:00:00,7.9800,8.0300,7.9000,7.9000,29891
02/10/2009 00:00:00,7.9000,7.9500,7.6500,7.8000,64687
01/10/2009 00:00:00,7.9600,8.0200,7.0000,7.7500,124528
30/09/2009 00:00:00,8.1000,8.1700,7.9200,8.0500,233389
29/09/2009 00:00:00,7.9000,8.2100,7.9000,8.1000,52536
28/09/2009 00:00:00,7.7600,7.9500,7.7600,7.9500,12823
25/09/2009 00:00:00,7.6000,7.7500,7.6000,7.7500,18300
24/09/2009 00:00:00,7.6800,7.7900,7.5500,7.7200,18852
23/09/2009 00:00:00,7.5800,7.7600,7.4500,7.7200,24961
22/09/2009 00:00:00,7.1500,7.4900,7.1500,7.4900,47701
21/09/2009 00:00:00,7.2500,7.2700,7.0400,7.1600,26570
18/09/2009 00:00:00,7.1000,7.2400,7.0000,7.1000,31283
17/09/2009 00:00:00,7.2200,7.2200,6.8100,6.8300,71413
16/09/2009 00:00:00,7.1400,7.2700,7.0000,7.0500,77927
15/09/2009 00:00:00,7.1300,7.1500,6.9600,7.0200,41076
14/09/2009 00:00:00,7.1500,7.1500,6.9500,6.9600,19807
11/09/2009 00:00:00,6.8200,7.0300,6.7500,6.9500,51729
10/09/2009 00:00:00,6.9000,6.9200,6.7300,6.7300,31859
09/09/2009 00:00:00,6.6900,6.9500,6.6500,6.9300,36078
08/09/2009 00:00:00,6.5100,6.6300,6.5000,6.5800,22304
07/09/2009 00:00:00,6.6000,6.6200,6.5200,6.5200,23524
04/09/2009 00:00:00,6.6000,6.6200,6.3700,6.3700,27895
03/09/2009 00:00:00,6.4900,6.6400,6.4800,6.5000,30723
02/09/2009 00:00:00,6.4900,6.4900,6.3500,6.4500,26313
01/09/2009 00:00:00,6.5500,6.5600,6.4000,6.4000,25255
31/08/2009 00:00:00,6.5600,6.5600,6.5000,6.5500,19438
28/08/2009 00:00:00,6.3500,6.5300,6.3100,6.3500,38608
27/08/2009 00:00:00,6.4900,6.4900,6.3500,6.3500,38379
26/08/2009 00:00:00,6.5600,6.6600,6.4500,6.4500,69475
25/08/2009 00:00:00,6.2100,6.4600,6.2000,6.3800,76219
24/08/2009 00:00:00,6.1000,6.1500,6.0600,6.0800,11755
21/08/2009 00:00:00,6.1000,6.1000,6.0000,6.0200,8970
20/08/2009 00:00:00,6.0900,6.1200,6.0000,6.0000,10952
19/08/2009 00:00:00,6.0500,6.1000,5.9500,6.0500,17439
18/08/2009 00:00:00,5.9500,6.0000,5.9000,5.9500,3654
17/08/2009 00:00:00,6.0000,6.0000,5.9000,6.0000,7003
14/08/2009 00:00:00,6.0500,6.0500,6.0000,6.0100,8061
13/08/2009 00:00:00,6.0500,6.0500,5.9700,6.0000,5271
12/08/2009 00:00:00,6.1000,6.1000,5.9500,6.0000,2947
11/08/2009 00:00:00,6.0800,6.0800,6.0000,6.0000,10982
07/08/2009 00:00:00,6.0000,6.1200,6.0000,6.0600,14264
06/08/2009 00:00:00,6.0000,6.0100,5.9900,6.0000,4518
05/08/2009 00:00:00,5.9500,6.0100,5.9500,5.9500,5923
04/08/2009 00:00:00,5.9500,6.0500,5.9500,5.9500,17568
03/08/2009 00:00:00,5.9600,6.0400,5.9300,5.9500,11164
31/07/2009 00:00:00,5.9400,6.0000,5.9400,5.9500,26221
30/07/2009 00:00:00,5.9400,5.9600,5.9100,5.9500,18853
29/07/2009 00:00:00,5.8700,5.9100,5.8500,5.9000,6692
28/07/2009 00:00:00,5.9500,5.9500,5.8600,5.9100,11527
24/07/2009 00:00:00,5.9200,5.9500,5.9100,5.9200,10418
23/07/2009 00:00:00,5.9500,5.9500,5.9000,5.9000,16502
21/07/2009 00:00:00,5.9400,5.9500,5.9400,5.9400,3334
20/07/2009 00:00:00,5.9500,5.9500,5.9000,5.9000,2095
06/07/2009 00:00:00,5.8100,5.8800,5.6700,5.7700,5859
03/07/2009 00:00:00,5.9000,6.0700,5.8000,5.9000,8697
02/07/2009 00:00:00,6.0200,6.1700,5.8000,5.8000,17114
01/07/2009 00:00:00,6.1000,6.1800,6.1000,6.1000,8301
30/06/2009 00:00:00,6.1000,6.2200,6.1000,6.1000,27084
29/06/2009 00:00:00,5.8000,6.1000,5.8000,6.1000,27487
26/06/2009 00:00:00,5.8800,5.9700,5.7200,5.9200,15334
25/06/2009 00:00:00,5.8500,5.8900,5.6500,5.8800,24286
24/06/2009 00:00:00,5.6500,5.6900,5.5900,5.6100,19202
23/06/2009 00:00:00,5.6800,5.8700,5.6500,5.7500,15585
19/06/2009 00:00:00,5.8000,5.9700,5.8000,5.8200,15202
18/06/2009 00:00:00,5.7000,5.8300,5.7000,5.7200,29548
17/06/2009 00:00:00,5.7000,5.9000,5.6500,5.6500,22002
16/06/2009 00:00:00,5.8300,5.8800,5.7000,5.7500,18225
15/06/2009 00:00:00,5.9000,5.9900,5.7100,5.8400,25195
12/06/2009 00:00:00,5.6500,5.8900,5.6500,5.7000,32047
11/06/2009 00:00:00,5.6200,5.6500,5.6000,5.6500,211321
10/06/2009 00:00:00,5.7300,5.7300,5.6100,5.6100,24328
09/06/2009 00:00:00,5.8000,5.8000,5.6900,5.6900,9153
08/06/2009 00:00:00,5.7900,5.8000,5.6900,5.6900,11857
05/06/2009 00:00:00,5.6900,5.7900,5.6500,5.7900,32223
04/06/2009 00:00:00,5.6000,5.6800,5.6000,5.6100,11281
03/06/2009 00:00:00,5.5000,5.5600,5.5000,5.5600,7324
02/06/2009 00:00:00,5.5000,5.5600,5.4000,5.5400,7906
01/06/2009 00:00:00,5.5200,5.5500,5.5000,5.5000,8409
29/05/2009 00:00:00,5.5200,5.5400,5.4800,5.4800,23440
28/05/2009 00:00:00,5.5200,5.5200,5.4400,5.4400,4793
27/05/2009 00:00:00,5.5200,5.5400,5.3600,5.4500,163309
26/05/2009 00:00:00,5.4000,5.4700,5.3400,5.4600,18151
25/05/2009 00:00:00,5.3600,5.3600,5.2300,5.2300,3400
22/05/2009 00:00:00,5.2200,5.3000,5.2200,5.2300,11876
21/05/2009 00:00:00,5.3000,5.3000,5.2300,5.3000,4176
20/05/2009 00:00:00,5.4000,5.4000,5.2000,5.2600,22240
19/05/2009 00:00:00,5.3500,5.4400,5.2700,5.4000,17387
18/05/2009 00:00:00,5.4000,5.4500,5.3000,5.4300,5935
15/05/2009 00:00:00,5.5100,5.5100,5.4000,5.4000,4757
14/05/2009 00:00:00,5.5000,5.5000,5.4000,5.5000,9662
13/05/2009 00:00:00,5.4500,5.6300,5.4400,5.5000,27101
12/05/2009 00:00:00,5.4000,5.5000,5.2100,5.4500,28714
11/05/2009 00:00:00,5.4500,5.4500,5.2500,5.4000,21650
08/05/2009 00:00:00,5.5500,5.7000,5.3100,5.3500,54536
07/05/2009 00:00:00,5.1500,5.2600,5.1300,5.2600,14927
06/05/2009 00:00:00,5.1800,5.1800,5.0100,5.1500,14277
05/05/2009 00:00:00,5.2800,5.2800,5.0500,5.0900,31415
04/05/2009 00:00:00,5.2200,5.3900,5.1600,5.3000,18671
01/05/2009 00:00:00,5.36,5.445,5.03,5.2000,37072.5
30/04/2009 00:00:00,5.5000,5.5000,4.9000,5.2000,55474
29/04/2009 00:00:00,5.4600,5.9900,5.4200,5.5200,98611
28/04/2009 00:00:00,4.6000,5.4500,4.6000,5.3000,56342
27/04/2009 00:00:00,4.5400,4.5700,4.5000,4.5700,12075
24/04/2009 00:00:00,4.5000,4.5900,4.5000,4.5900,2500
23/04/2009 00:00:00,4.6000,4.6000,4.4800,4.5900,12700
22/04/2009 00:00:00,4.6000,4.6000,4.5600,4.6000,4715
21/04/2009 00:00:00,4.6000,4.6300,4.5900,4.5900,4799
20/04/2009 00:00:00,4.6400,4.6600,4.6000,4.6000,13924
17/04/2009 00:00:00,4.4900,4.6500,4.4900,4.6500,12332
16/04/2009 00:00:00,4.4200,4.4800,4.4200,4.4500,3464
15/04/2009 00:00:00,4.5000,4.5000,4.4200,4.4200,9850
14/04/2009 00:00:00,4.5000,4.5000,4.4500,4.5000,12225
09/04/2009 00:00:00,4.5000,4.5000,4.4400,4.4400,7033
08/04/2009 00:00:00,4.5300,4.5300,4.4600,4.4600,2550
07/04/2009 00:00:00,4.6400,4.6400,4.5000,4.5200,4795
06/04/2009 00:00:00,4.6700,4.6700,4.5300,4.5300,8387
03/04/2009 00:00:00,4.4600,4.5500,4.4400,4.5500,8275
02/04/2009 00:00:00,4.4500,4.4600,4.4000,4.4600,3275
01/04/2009 00:00:00,4.5000,4.5700,4.4500,4.4700,12970
31/03/2009 00:00:00,4.3100,4.5200,4.3100,4.5200,13567
30/03/2009 00:00:00,4.2900,4.2900,4.2500,4.2500,5930
27/03/2009 00:00:00,4.2700,4.2800,4.2400,4.2400,1591
26/03/2009 00:00:00,4.2700,4.2700,4.2200,4.2200,2381
25/03/2009 00:00:00,4.2000,4.2900,4.1700,4.1700,6376
24/03/2009 00:00:00,4.2000,4.2200,4.2000,4.2000,660
23/03/2009 00:00:00,4.2000,4.2200,4.1500,4.2000,5190
20/03/2009 00:00:00,4.1500,4.2000,4.1500,4.2000,4000
19/03/2009 00:00:00,4.2000,4.2900,4.1500,4.1500,6300
18/03/2009 00:00:00,4.2000,4.2200,4.2000,4.2200,800
17/03/2009 00:00:00,4.1800,4.2000,4.1700,4.1700,2860
16/03/2009 00:00:00,4.1800,4.1800,4.1800,4.1800,722
13/03/2009 00:00:00,4.2700,4.3000,4.1900,4.1900,5816
12/03/2009 00:00:00,4.3400,4.3400,4.2500,4.2600,3250
11/03/2009 00:00:00,4.3500,4.3500,4.3400,4.3400,295
10/03/2009 00:00:00,4.3000,4.3400,4.2500,4.3400,6060
09/03/2009 00:00:00,4.3500,4.3500,4.3000,4.3000,3350
06/03/2009 00:00:00,4.2500,4.3700,4.2500,4.3500,7990
05/03/2009 00:00:00,4.2500,4.3500,4.2500,4.3500,58683
04/03/2009 00:00:00,4.2000,4.3700,4.2000,4.3500,14215
03/03/2009 00:00:00,4.2000,4.2900,4.2000,4.2500,8807
02/03/2009 00:00:00,4.2900,4.2900,4.2000,4.2000,8910
27/02/2009 00:00:00,4.3000,4.3000,4.2100,4.2900,6850
26/02/2009 00:00:00,4.1900,4.2600,4.1700,4.2600,21637
25/02/2009 00:00:00,4.1500,4.1700,4.1500,4.1700,9894
24/02/2009 00:00:00,4.0700,4.1700,4.0500,4.0800,13986
23/02/2009 00:00:00,4.0600,4.0700,4.0000,4.0700,16521
20/02/2009 00:00:00,4.0700,4.0900,4.0000,4.0600,27723
19/02/2009 00:00:00,4.0900,4.0900,3.9900,4.0200,182698
18/02/2009 00:00:00,3.9900,4.0200,3.9200,4.0200,39810
17/02/2009 00:00:00,3.9100,3.9900,3.9000,3.9900,18898
16/02/2009 00:00:00,3.9000,3.9000,3.8800,3.9000,5614
13/02/2009 00:00:00,3.9300,3.9400,3.8200,3.9100,8060
12/02/2009 00:00:00,3.9000,3.9000,3.9000,3.9000,390
11/02/2009 00:00:00,3.9000,3.9300,3.8800,3.9000,4685
10/02/2009 00:00:00,3.9800,4.0000,3.9000,3.9000,11834
09/02/2009 00:00:00,4.0000,4.0000,4.0000,4.0000,105225
06/02/2009 00:00:00,4.0200,4.0200,3.9800,4.0000,3683
05/02/2009 00:00:00,4.0200,4.0400,3.9900,4.0000,16483
04/02/2009 00:00:00,4.1000,4.1500,4.0700,4.1300,51090
03/02/2009 00:00:00,3.9800,4.0000,3.9500,3.9900,3719
02/02/2009 00:00:00,3.9800,3.9800,3.9000,3.9600,3219
30/01/2009 00:00:00,3.9500,3.9700,3.9200,3.9700,5873
29/01/2009 00:00:00,4.0000,4.0000,3.9500,3.9800,4065
28/01/2009 00:00:00,3.9600,4.0000,3.9600,4.0000,5416
27/01/2009 00:00:00,3.9500,3.9900,3.9500,3.9800,4200
26/01/2009 00:00:00,4.0000,4.0000,3.9300,3.9800,3500
23/01/2009 00:00:00,3.9900,3.9900,3.9300,3.9800,3718
22/01/2009 00:00:00,4.0000,4.0000,3.9000,4.0000,2980
21/01/2009 00:00:00,3.8700,3.9300,3.7500,3.9300,6563
20/01/2009 00:00:00,4.1100,4.2000,3.9000,3.9900,9839
19/01/2009 00:00:00,4.2000,4.2000,4.1000,4.1400,4579
16/01/2009 00:00:00,4.3200,4.3200,4.2100,4.2600,3072
15/01/2009 00:00:00,4.3000,4.3800,4.3000,4.3400,14046
14/01/2009 00:00:00,4.3100,4.3500,4.3000,4.3000,3751
13/01/2009 00:00:00,4.4100,4.4100,4.2600,4.3000,5924
12/01/2009 00:00:00,4.5000,4.5000,4.4500,4.4900,1424
09/01/2009 00:00:00,4.4300,4.5600,4.4300,4.5500,8100
08/01/2009 00:00:00,4.6300,4.6300,4.3900,4.4200,16392
07/01/2009 00:00:00,4.6600,4.7000,4.6200,4.6900,4470
06/01/2009 00:00:00,4.6500,4.6600,4.6500,4.6600,3622
05/01/2009 00:00:00,4.7700,4.7700,4.6000,4.6400,4300
02/01/2009 00:00:00,4.7400,4.7800,4.6300,4.6300,448
31/12/2008 00:00:00,4.6500,4.6500,4.6200,4.6500,1561
30/12/2008 00:00:00,4.6500,4.7400,4.5900,4.7400,6273
29/12/2008 00:00:00,4.6000,4.6500,4.6000,4.6500,579
24/12/2008 00:00:00,4.64,4.665,4.6,4.6000,1064.5
23/12/2008 00:00:00,4.6800,4.6800,4.6000,4.6000,1550
22/12/2008 00:00:00,4.5900,4.7100,4.5100,4.5100,6049
19/12/2008 00:00:00,4.5700,4.5700,4.5000,4.5000,6289
18/12/2008 00:00:00,4.5900,4.5900,4.3000,4.5000,3061
17/12/2008 00:00:00,4.4000,4.4000,4.4000,4.4000,43280
16/12/2008 00:00:00,4.3000,4.3000,4.3000,4.3000,660
15/12/2008 00:00:00,4.6500,4.6500,4.2200,4.2800,4330
12/12/2008 00:00:00,4.5000,4.5000,4.3100,4.5000,5714
11/12/2008 00:00:00,4.7300,4.7300,4.4000,4.6400,1940
10/12/2008 00:00:00,4.5800,4.8000,4.5800,4.7800,8775
09/12/2008 00:00:00,4.5000,4.5000,4.5000,4.5000,210
08/12/2008 00:00:00,4.4400,4.5500,4.4000,4.5300,2625
05/12/2008 00:00:00,4.47,4.625,4.45,4.7000,3225.0
04/12/2008 00:00:00,4.5000,4.7000,4.5000,4.7000,3825
03/12/2008 00:00:00,4.4400,4.5000,4.4100,4.5000,7730
02/12/2008 00:00:00,4.4500,4.4500,4.4400,4.4400,1996
01/12/2008 00:00:00,4.4800,4.5000,4.4000,4.4800,2150
28/11/2008 00:00:00,4.5300,4.5400,4.5300,4.5400,740
27/11/2008 00:00:00,4.5000,4.5500,4.4000,4.4800,4950
26/11/2008 00:00:00,4.5400,4.5400,4.5400,4.5400,220
25/11/2008 00:00:00,4.8900,4.8900,4.2500,4.7500,3150
24/11/2008 00:00:00,4.3500,4.9500,4.3000,4.9500,3100
21/11/2008 00:00:00,4.5000,4.7500,4.5000,4.7500,5100
20/11/2008 00:00:00,4.3500,4.4000,4.3500,4.3600,1000
19/11/2008 00:00:00,4.435,4.46,4.425,4.5000,1861.5
18/11/2008 00:00:00,4.5200,4.5200,4.5000,4.5000,2723
17/11/2008 00:00:00,4.6600,4.6700,4.5000,4.5100,2770
14/11/2008 00:00:00,4.7000,4.7500,4.7000,4.7500,400
13/11/2008 00:00:00,4.8000,5.0000,4.6600,4.8000,2555
12/11/2008 00:00:00,4.8500,4.8500,4.8500,4.8500,200
11/11/2008 00:00:00,4.9000,4.9000,4.9000,4.9000,100
10/11/2008 00:00:00,4.8000,4.8000,4.8000,4.8000,200
07/11/2008 00:00:00,4.8000,4.8000,4.8000,4.8000,300
06/11/2008 00:00:00,5.1000,5.1000,4.6500,4.7500,2370
05/11/2008 00:00:00,5.4000,5.4000,5.0000,5.3500,2244
04/11/2008 00:00:00,5.1000,5.2500,5.1000,5.2500,7283
03/11/2008 00:00:00,4.5500,5.0000,4.5500,5.0000,15894
31/10/2008 00:00:00,4.5100,4.6000,4.5000,4.5000,2025
30/10/2008 00:00:00,4.8000,4.9000,4.5000,4.5000,53600
29/10/2008 00:00:00,4.5000,4.9000,4.5000,4.6000,3934
28/10/2008 00:00:00,4.7500,4.9500,4.5000,4.5000,4540
27/10/2008 00:00:00,4.7500,4.9500,4.7500,4.9500,2800
24/10/2008 00:00:00,4.8000,4.8000,4.5900,4.8000,3700
23/10/2008 00:00:00,4.9500,5.0000,4.7600,4.7600,3575
22/10/2008 00:00:00,5.3900,5.3900,4.9000,5.0000,4114
21/10/2008 00:00:00,4.8000,5.4000,4.8000,5.4000,10905
20/10/2008 00:00:00,4.7400,4.7400,4.7400,4.7400,210
17/10/2008 00:00:00,4.5900,4.6300,4.5900,4.6000,1501
16/10/2008 00:00:00,4.5000,4.5000,4.4000,4.5000,3285
15/10/2008 00:00:00,4.5000,4.5900,4.5000,4.5900,1453
14/10/2008 00:00:00,4.7300,4.9000,4.5000,4.5000,4100
13/10/2008 00:00:00,4.4000,4.4000,4.4000,4.4000,4000
10/10/2008 00:00:00,4.7500,4.7600,4.0100,4.0100,3517
09/10/2008 00:00:00,4.7400,4.7400,4.7400,4.7400,1731
08/10/2008 00:00:00,4.5200,4.5200,4.1900,4.2000,5581
07/10/2008 00:00:00,4.7500,4.7500,4.6900,4.6900,610
06/10/2008 00:00:00,5.3900,5.3900,4.5300,4.5300,7415
03/10/2008 00:00:00,4.9900,5.0000,4.9900,5.0000,6900
02/10/2008 00:00:00,4.7000,4.9000,4.7000,4.9000,5960
01/10/2008 00:00:00,4.6900,4.6900,4.5700,4.6500,2498
30/09/2008 00:00:00,4.9900,4.9900,4.5800,4.6900,6550
29/09/2008 00:00:00,5.0900,5.1000,5.0600,5.0600,1100
26/09/2008 00:00:00,5.1000,5.1000,5.0600,5.0600,770
25/09/2008 00:00:00,5.1100,5.1100,5.1000,5.1000,400
24/09/2008 00:00:00,5.1200,5.1200,5.1200,5.1200,200
23/09/2008 00:00:00,5.0600,5.4500,5.0600,5.4500,678
22/09/2008 00:00:00,5.2900,5.3300,5.2200,5.3300,812
19/09/2008 00:00:00,5.1000,5.3900,5.1000,5.3000,2143
18/09/2008 00:00:00,5.2500,5.2500,5.1200,5.1200,1918
17/09/2008 00:00:00,5.4000,5.4800,5.2500,5.4800,2222
16/09/2008 00:00:00,5.4800,5.4900,5.4800,5.4900,2140
15/09/2008 00:00:00,5.3500,5.4600,5.2300,5.4600,1470
12/09/2008 00:00:00,5.3600,5.4200,5.1500,5.4200,3654
11/09/2008 00:00:00,5.5000,5.5000,5.2600,5.2600,560
10/09/2008 00:00:00,5.6500,5.6500,5.5000,5.5000,8908
09/09/2008 00:00:00,5.5000,5.6400,5.4000,5.6400,5052
08/09/2008 00:00:00,5.6500,5.7300,5.2100,5.6000,7519
05/09/2008 00:00:00,5.6600,5.6600,5.6100,5.6100,953
04/09/2008 00:00:00,5.6700,5.8800,5.6000,5.6600,16003
03/09/2008 00:00:00,5.2600,5.2600,5.2600,5.2600,925
02/09/2008 00:00:00,5.2300,5.6900,5.1500,5.6800,584
01/09/2008 00:00:00,5.56,5.79,5.2,5.6900,1031.5
29/08/2008 00:00:00,5.8900,5.8900,5.2500,5.6900,1479
28/08/2008 00:00:00,5.6500,5.6800,5.6500,5.6500,1550
27/08/2008 00:00:00,5.5000,5.9000,5.5000,5.7000,5452
26/08/2008 00:00:00,5.5000,5.5000,5.5000,5.5000,400
25/08/2008 00:00:00,5.4500,5.5000,5.4500,5.4500,3133
22/08/2008 00:00:00,5.3900,5.4500,5.3900,5.4500,1982
21/08/2008 00:00:00,5.4000,5.4000,5.1000,5.3900,2260
20/08/2008 00:00:00,5.2000,5.2000,5.2000,5.2000,190
19/08/2008 00:00:00,5.1000,5.4000,5.1000,5.4000,4034
18/08/2008 00:00:00,5.3000,5.3000,5.3000,5.3000,20
15/08/2008 00:00:00,5.385,5.4,5.2,5.1000,710.0
14/08/2008 00:00:00,5.4700,5.5000,5.1000,5.1000,1400
13/08/2008 00:00:00,5.1500,5.5000,4.8000,5.5000,2417
12/08/2008 00:00:00,5.1500,5.1500,5.1500,5.1500,800
11/08/2008 00:00:00,4.7500,5.1500,4.7500,5.1500,845
08/08/2008 00:00:00,4.7000,4.7000,4.7000,4.7000,1394
07/08/2008 00:00:00,4.7000,4.7000,4.7000,4.7000,425
06/08/2008 00:00:00,4.1000,4.7000,4.1000,4.7000,20500
05/08/2008 00:00:00,4.4500,4.5000,4.4500,4.5000,3117
04/08/2008 00:00:00,4.45,4.48333333333,4.45,4.4500,2528.0
01/08/2008 00:00:00,4.45,4.46666666667,4.45,4.4500,1939.0
31/07/2008 00:00:00,4.4500,4.4500,4.4500,4.4500,1350
30/07/2008 00:00:00,4.4500,4.4500,4.4400,4.4500,820
29/07/2008 00:00:00,4.4500,4.4500,4.4500,4.4500,1000
28/07/2008 00:00:00,4.45,4.45,4.425,4.4000,954.0
25/07/2008 00:00:00,4.4500,4.4500,4.4000,4.4000,908
24/07/2008 00:00:00,4.47,4.47,4.445,4.4900,529.0
23/07/2008 00:00:00,4.4900,4.4900,4.4900,4.4900,150
22/07/2008 00:00:00,4.4000,4.4900,4.4000,4.4000,2950
21/07/2008 00:00:00,4.4000,4.4000,4.4000,4.4000,10159
17/07/2008 00:00:00,4.4000,4.4000,4.4000,4.4000,17335
16/07/2008 00:00:00,4.3000,4.3000,4.0200,4.3000,2955
15/07/2008 00:00:00,4.0200,4.3000,4.0200,4.3000,894
14/07/2008 00:00:00,4.0600,4.5800,4.0100,4.3500,5835
11/07/2008 00:00:00,4.5800,4.5800,4.5100,4.5100,303
10/07/2008 00:00:00,4.565,4.6,4.495,4.6200,2141.5
09/07/2008 00:00:00,4.5500,4.6200,4.4800,4.6200,3980
08/07/2008 00:00:00,4.5500,4.5500,4.5000,4.5000,586
27/06/2008 00:00:00,4.5000,4.5000,4.4000,4.4000,756
23/06/2008 00:00:00,4.5000,4.6200,4.3000,4.3000,12218
20/06/2008 00:00:00,4.4000,4.6400,4.3700,4.5000,2765
19/06/2008 00:00:00,4.3000,4.5800,4.3000,4.4000,5652
18/06/2008 00:00:00,4.7200,4.7200,4.3000,4.3000,7193
17/06/2008 00:00:00,5.0000,5.0000,4.7500,4.7500,8785
16/06/2008 00:00:00,5.0000,5.0500,4.7500,4.7500,6555
13/06/2008 00:00:00,5.0500,5.0500,4.9900,5.0000,32774
12/06/2008 00:00:00,5.0200,5.1000,5.0000,5.0100,12468
11/06/2008 00:00:00,5.1000,5.3700,5.1000,5.3700,4989
10/06/2008 00:00:00,5.2000,5.2000,5.0100,5.1000,6858
09/06/2008 00:00:00,5.5500,5.5500,5.2000,5.2000,3910
06/06/2008 00:00:00,5.3500,5.3500,5.3500,5.3500,200
05/06/2008 00:00:00,5.475,5.475,5.35,5.3500,970.5
04/06/2008 00:00:00,5.6000,5.6000,5.3500,5.3500,1741
03/06/2008 00:00:00,5.6000,5.6000,5.6000,5.6000,1000
02/06/2008 00:00:00,5.6800,5.6800,5.5500,5.5500,3525
30/05/2008 00:00:00,5.4500,5.4700,5.4500,5.4700,2038
29/05/2008 00:00:00,5.3500,5.4700,5.3500,5.4500,7217
28/05/2008 00:00:00,5.1200,5.3200,5.1200,5.3200,12321
27/05/2008 00:00:00,5.1100,5.1500,5.1100,5.1500,2400
26/05/2008 00:00:00,5.3400,5.3400,5.1100,5.1100,575
23/05/2008 00:00:00,5.1500,5.1500,5.1500,5.1500,800
22/05/2008 00:00:00,5.2000,5.2000,5.2000,5.2000,1750
21/05/2008 00:00:00,5.2500,5.2500,5.2500,5.2500,500
20/05/2008 00:00:00,5.3500,5.3500,5.3500,5.3500,431
19/05/2008 00:00:00,5.3500,5.5000,5.3500,5.3500,1619
16/05/2008 00:00:00,5.4000,5.4000,5.4000,5.4000,500
15/05/2008 00:00:00,5.3000,5.3000,5.2000,5.3000,1826
14/05/2008 00:00:00,5.3500,5.3900,5.3500,5.3900,1229
13/05/2008 00:00:00,5.2700,5.2700,5.2500,5.2700,1700
12/05/2008 00:00:00,5.2600,5.3000,5.2600,5.3000,790
09/05/2008 00:00:00,5.5900,5.5900,5.3000,5.3100,4135
08/05/2008 00:00:00,5.4900,5.4900,5.2500,5.2500,1210
07/05/2008 00:00:00,5.3200,5.3300,5.3100,5.3100,4800
06/05/2008 00:00:00,5.41333333333,5.42,5.40666666667,5.6000,3450.0
05/05/2008 00:00:00,5.50666666666,5.51,5.50333333334,5.6000,2100.0
02/05/2008 00:00:00,5.6000,5.6000,5.6000,5.6000,750
30/04/2008 00:00:00,5.5000,5.5000,5.4000,5.4000,19030
29/04/2008 00:00:00,5.7000,5.7000,5.5000,5.5100,7087
28/04/2008 00:00:00,5.9000,5.9000,5.4900,5.5100,6049
25/04/2008 00:00:00,5.9100,5.9100,5.9000,5.9000,562
24/04/2008 00:00:00,5.8200,5.8200,5.7000,5.8200,4500
17/04/2008 00:00:00,5.5000,5.9000,5.5000,5.5500,1025
16/04/2008 00:00:00,5.7900,5.7900,5.4000,5.4000,8100
10/04/2008 00:00:00,5.9500,5.9500,5.6500,5.6600,2536
08/04/2008 00:00:00,5.8000,5.8000,5.7000,5.8000,2947
07/04/2008 00:00:00,6.0000,6.0000,5.7000,5.7500,5178
04/04/2008 00:00:00,5.7600,5.9800,5.7600,5.9800,4390
03/04/2008 00:00:00,5.9000,5.9000,5.7500,5.7500,2669
02/04/2008 00:00:00,5.9000,5.9000,5.9000,5.9000,500
01/04/2008 00:00:00,5.7000,5.7000,5.7000,5.7000,329
31/03/2008 00:00:00,6.0000,6.0000,6.0000,6.0000,950
28/03/2008 00:00:00,5.9900,6.0000,5.9900,6.0000,4975
27/03/2008 00:00:00,5.9000,5.9000,5.9000,5.9000,50
26/03/2008 00:00:00,5.9,5.9,5.9,5.9000,275.0
25/03/2008 00:00:00,5.9000,5.9000,5.9000,5.9000,500
20/03/2008 00:00:00,5.82,5.82,5.81666666667,5.6500,866.666666667
19/03/2008 00:00:00,5.74,5.74,5.73333333334,5.6500,1233.33333333
18/03/2008 00:00:00,5.6600,5.6600,5.6500,5.6500,1600
17/03/2008 00:00:00,5.7000,5.7000,5.7000,5.7000,366
14/03/2008 00:00:00,5.9000,5.9000,5.6600,5.7500,1930
13/03/2008 00:00:00,5.6000,6.0000,5.6000,5.8900,3389
12/03/2008 00:00:00,5.5000,5.9000,5.5000,5.9000,1248
11/03/2008 00:00:00,6.0000,6.0000,5.2100,5.2600,7672
10/03/2008 00:00:00,6.0000,6.0000,5.7500,5.7500,1769
07/03/2008 00:00:00,5.9500,5.9900,5.4000,5.9900,4699
06/03/2008 00:00:00,6.1200,6.1200,5.9900,5.9900,8765
05/03/2008 00:00:00,6.2100,6.3800,6.1000,6.2100,1799
04/03/2008 00:00:00,6.1600,6.1600,6.1600,6.1600,400
03/03/2008 00:00:00,6.2800,6.2800,6.2000,6.2000,813
29/02/2008 00:00:00,6.4500,6.5000,6.2800,6.2800,5800
28/02/2008 00:00:00,6.5000,6.5000,6.2800,6.4500,6571
27/02/2008 00:00:00,6.4000,6.4000,6.4000,6.4000,2277
26/02/2008 00:00:00,6.2000,6.2500,6.2000,6.2000,2520
25/02/2008 00:00:00,6.2500,6.2500,6.2000,6.2000,1380
22/02/2008 00:00:00,6.2500,6.2500,6.2000,6.2500,1400
21/02/2008 00:00:00,6.2500,6.2500,6.2000,6.2500,6000
20/02/2008 00:00:00,6.3500,6.3800,6.2500,6.2500,5927
19/02/2008 00:00:00,6.3500,6.3800,6.3000,6.3500,3005
18/02/2008 00:00:00,6.3000,6.3400,6.3000,6.3400,1165
15/02/2008 00:00:00,6.205,6.32,6.15,6.0100,2642.5
14/02/2008 00:00:00,6.1100,6.3000,6.0000,6.0100,4120
13/02/2008 00:00:00,6.1000,6.1000,6.1000,6.1000,75063
12/02/2008 00:00:00,6.2000,6.2000,6.1100,6.2000,998
11/02/2008 00:00:00,6.3700,6.3700,6.3700,6.3700,400
08/02/2008 00:00:00,6.3000,6.3800,6.1100,6.3800,1996
07/02/2008 00:00:00,6.2000,6.4000,6.2000,6.4000,1905
05/02/2008 00:00:00,6.2000,6.4500,6.1100,6.1100,1179
04/02/2008 00:00:00,6.2000,6.3900,6.2000,6.3900,2510
01/02/2008 00:00:00,6.4000,6.4000,6.1100,6.1100,3365
30/01/2008 00:00:00,6.2700,6.5900,6.2500,6.3500,2683
29/01/2008 00:00:00,6.6600,6.6600,6.6400,6.6400,1083
28/01/2008 00:00:00,6.5100,6.6600,6.2500,6.6600,3750
25/01/2008 00:00:00,6.3000,6.7900,6.3000,6.7900,6207
24/01/2008 00:00:00,6.0000,6.1700,6.0000,6.1700,550
23/01/2008 00:00:00,6.1100,6.4500,6.1100,6.4500,600
22/01/2008 00:00:00,5.8200,6.0000,4.0000,6.0000,5711
21/01/2008 00:00:00,6.3800,6.3800,6.0000,6.1000,7266
18/01/2008 00:00:00,6.6900,6.6900,6.3800,6.3800,5917
17/01/2008 00:00:00,6.7000,6.9300,6.6000,6.9300,1140
16/01/2008 00:00:00,7.0000,7.0000,6.9000,7.0000,19726
15/01/2008 00:00:00,6.9600,7.1000,6.8000,6.8000,6655
14/01/2008 00:00:00,6.9000,6.9000,6.9000,6.9000,300
11/01/2008 00:00:00,7.0900,7.1000,6.9000,7.0200,3050
10/01/2008 00:00:00,7.0000,7.1000,7.0000,7.1000,4586
09/01/2008 00:00:00,7.0900,7.0900,6.7000,7.0900,816
08/01/2008 00:00:00,6.9000,6.9500,6.9000,6.9500,373
07/01/2008 00:00:00,6.7500,7.1000,6.7100,6.7100,3138
04/01/2008 00:00:00,7.0000,7.0000,6.9600,6.9600,518
03/01/2008 00:00:00,6.9500,6.9500,6.8000,6.9000,19935
02/01/2008 00:00:00,7.0000,7.0000,6.9000,7.0000,6530
31/12/2007 00:00:00,7.0000,7.0000,7.0000,7.0000,1500
28/12/2007 00:00:00,7.0000,7.0000,6.9000,7.0000,3340
27/12/2007 00:00:00,6.9500,6.9500,6.7500,6.9500,1555
24/12/2007 00:00:00,6.9000,7.0000,6.9000,7.0000,4006
21/12/2007 00:00:00,7.0000,7.0000,6.8000,6.9000,2777
20/12/2007 00:00:00,6.7100,6.7100,6.2000,6.5000,4117
19/12/2007 00:00:00,6.8100,6.8100,6.7100,6.7100,2594
18/12/2007 00:00:00,6.7700,7.0500,6.7500,6.8000,86018
17/12/2007 00:00:00,6.6000,6.9500,6.6000,6.7500,4506
14/12/2007 00:00:00,7.0000,7.0000,6.7500,6.7500,5835
13/12/2007 00:00:00,6.9800,6.9800,6.9100,6.9100,32678
12/12/2007 00:00:00,7.0000,7.0000,6.9000,6.9000,596
11/12/2007 00:00:00,7.1000,7.1000,6.9500,7.0000,7323
10/12/2007 00:00:00,7.0500,7.0500,7.0200,7.0500,1550
07/12/2007 00:00:00,7.0400,7.0500,7.0000,7.0000,7479
06/12/2007 00:00:00,7.0500,7.0500,7.0000,7.0000,4508
05/12/2007 00:00:00,7.0500,7.0500,7.0500,7.0500,780
04/12/2007 00:00:00,7.0500,7.0500,7.0500,7.0500,700
03/12/2007 00:00:00,7.0200,7.0200,7.0000,7.0000,1800
29/11/2007 00:00:00,7.0000,7.0200,7.0000,7.0200,5878
28/11/2007 00:00:00,7.0000,7.0100,7.0000,7.0000,24052
27/11/2007 00:00:00,7.0000,7.0000,7.0000,7.0000,30031
26/11/2007 00:00:00,7.0000,7.0500,7.0000,7.0000,27219
23/11/2007 00:00:00,7.0000,7.0100,7.0000,7.0000,24924
22/11/2007 00:00:00,7.0000,7.0100,7.0000,7.0000,26292
21/11/2007 00:00:00,7.0900,7.1000,7.0000,7.0000,10926
20/11/2007 00:00:00,7.0000,7.1500,7.0000,7.0000,25306
19/11/2007 00:00:00,7.2000,7.2000,7.1000,7.1500,3730
16/11/2007 00:00:00,7.2500,7.2500,7.1900,7.2000,2025
15/11/2007 00:00:00,7.2000,7.2500,7.1400,7.2000,3277
14/11/2007 00:00:00,7.2000,7.2900,7.2000,7.2500,45980
13/11/2007 00:00:00,7.2500,7.2500,7.2000,7.2000,7202
12/11/2007 00:00:00,7.2000,7.2500,7.1000,7.2500,26798
