Date,Open,High,Low,Close,Volume,Adj Close
2015-09-18,31.74,31.91,31.24,31.309999,2114400,31.309999
2015-09-17,32.48,32.75,32.080002,32.169998,887400,32.169998
2015-09-16,31.950001,32.529999,31.91,32.439999,881600,32.439999
2015-09-15,31.610001,31.969999,31.549999,31.92,1049700,31.92
2015-09-14,31.690001,31.85,31.440001,31.57,902700,31.57
2015-09-11,31.83,31.969999,31.34,31.690001,926200,31.690001
2015-09-10,31.459999,32.189999,31.450001,31.98,1650500,31.98
2015-09-09,32.240002,32.490002,31.68,31.73,1073400,31.73
2015-09-08,32.049999,32.450001,31.889999,32.049999,1777700,32.049999
2015-09-04,31.889999,32.09,31.35,31.43,1608800,31.43
2015-09-03,32.189999,32.849998,32.040001,32.25,1542900,32.25
2015-09-02,32.259998,32.290001,31.58,32.130001,1035800,32.130001
2015-09-01,32.099998,32.169998,31.48,31.870001,2133200,31.870001
2015-08-31,32.470001,32.950001,32.32,32.779999,1884200,32.779999
2015-08-28,33.150002,33.41,32.389999,32.759998,2103600,32.759998
2015-08-27,32.450001,33.41,32.380001,33.209999,1616500,33.209999
2015-08-26,32.02,32.259998,31.129999,32.169998,2533500,32.169998
2015-08-25,31.280001,32.419998,31.110001,31.26,4152900,31.26
2015-08-24,29.93,31.42,29.610001,30.440001,5774400,30.440001
2015-08-21,31.620001,32.099998,31.42,31.58,2145600,31.58
2015-08-20,32.439999,32.740002,31.870001,31.889999,2194000,31.889999
2015-08-19,33.099998,33.330002,32.419998,32.73,1564400,32.73
2015-08-18,33.439999,33.619999,33.200001,33.279999,1221800,33.279999
2015-08-17,33.119999,33.490002,32.799999,33.48,859000,33.48
2015-08-14,32.900002,33.360001,32.900002,33.25,1124000,33.25
2015-08-13,33.709999,33.880001,32.779999,32.950001,1637200,32.950001
2015-08-12,33.18,33.880001,33.119999,33.77,1516500,33.77
2015-08-11,33.75,33.759998,33.23,33.450001,1255300,33.450001
2015-08-10,33.389999,34.139999,33.23,34.119999,1107200,34.119999
2015-08-07,33.41,33.610001,33.060001,33.18,1167200,33.18
2015-08-06,33.439999,33.68,33.23,33.509998,1406900,33.509998
2015-08-05,34.009998,34.16,33.279999,33.459999,1451100,33.459999
2015-08-04,33.779999,34.23,33.619999,33.810001,1376200,33.810001
2015-08-03,34.48,34.639999,33.599998,33.700001,1608400,33.700001
2015-07-31,34.200001,34.990002,34.040001,34.529999,2719400,34.529999
2015-07-30,34.23,34.369999,33.830002,34.009998,2395500,34.009998
2015-07-29,31.58,34.580002,30.700001,34.48,4811100,34.48
2015-07-28,32.18,33.049999,31.92,32.91,2870200,32.91
2015-07-27,31.59,32.639999,31.48,31.969999,4545300,31.969999
2015-07-24,32.349998,32.380001,31.52,31.59,1269700,31.380001
2015-07-23,32.290001,32.790001,32.25,32.369999,1039600,32.154815
2015-07-22,32.360001,32.59,32.169998,32.290001,1328000,32.075348
2015-07-21,33.02,33.18,32.360001,32.389999,1607900,32.174682
2015-07-20,32.900002,33.369999,32.790001,33.02,2036500,32.800495
2015-07-17,32.580002,32.700001,32.419998,32.529999,952600,32.313751
2015-07-16,32.830002,32.98,32.59,32.610001,1511600,32.393221
2015-07-15,32.790001,32.869999,32.43,32.66,1846900,32.442888
2015-07-14,32.93,33.060001,32.790001,32.959999,1210400,32.740893
2015-07-13,33.060001,33.09,32.799999,32.900002,1154900,32.681294
2015-07-10,32.82,32.990002,32.41,32.639999,2374400,32.42302
2015-07-09,33.57,33.950001,32.43,32.43,2348200,32.214417
2015-07-08,33.860001,33.869999,33.299999,33.389999,2366200,33.168034
2015-07-07,33.32,34.299999,32.970001,34.119999,3520800,33.893181
2015-07-06,33.029999,33.619999,32.950001,33.25,1960800,33.028966
2015-07-02,33.639999,33.650002,32.990002,33.200001,1296600,32.979299
2015-07-01,33.75,33.84,33.279999,33.59,2034900,33.366706
2015-06-30,34.09,34.369999,33.459999,33.57,2146800,33.346838
2015-06-29,33.77,34.099998,33.450001,33.790001,3152500,33.565377
2015-06-26,34.09,34.18,33.779999,33.970001,1967800,33.744181
2015-06-25,34.41,34.450001,33.669998,34.009998,3015300,33.783912
2015-06-24,35.150002,35.240002,34.02,34.41,4256800,34.181254
2015-06-23,36.880001,36.91,34.880001,35.110001,6774700,34.876602
2015-06-22,37.330002,37.389999,36.900002,36.919998,1606200,36.674567
2015-06-19,37.169998,37.400002,37.080002,37.09,1155200,36.843439
2015-06-18,36.75,37.450001,36.75,37.290001,1883700,37.04211
2015-06-17,36.490002,36.84,36.360001,36.669998,976100,36.426229
2015-06-16,36.439999,36.57,36.220001,36.43,1489100,36.187827
2015-06-15,36.34,36.610001,36.259998,36.470001,1615400,36.227562
2015-06-12,36.790001,36.869999,36.52,36.68,1278300,36.436165
2015-06-11,36.889999,37.049999,36.720001,36.900002,1832800,36.654703
2015-06-10,36.50,36.950001,36.259998,36.830002,1688200,36.585169
2015-06-09,36.630001,36.75,36.369999,36.490002,1440200,36.247429
2015-06-08,36.50,36.68,36.490002,36.490002,1874300,36.247429
2015-06-05,36.41,36.689999,36.32,36.529999,1919400,36.28716
2015-06-04,36.400002,36.689999,36.310001,36.52,1310500,36.277228
2015-06-03,36.84,36.939999,36.549999,36.720001,1219900,36.4759
2015-06-02,36.50,36.98,36.439999,36.73,1172200,36.485831
2015-06-01,36.639999,36.880001,36.490002,36.68,1613200,36.436165
2015-05-29,36.91,37.07,36.470001,36.48,2344100,36.237493
2015-05-28,36.970001,37.07,36.740002,36.98,1423600,36.73417
2015-05-27,36.950001,37.18,36.560001,37.009998,2061800,36.763969
2015-05-26,37.50,37.700001,36.709999,36.759998,1948900,36.515631
2015-05-22,37.709999,38.00,37.59,37.810001,1639400,37.558654
2015-05-21,37.490002,38.009998,37.32,37.68,2090300,37.429517
2015-05-20,37.43,37.720001,37.080002,37.52,3237200,37.270581
2015-05-19,37.490002,37.610001,37.139999,37.529999,1664800,37.280513
2015-05-18,37.43,37.560001,37.279999,37.439999,1907200,37.191111
2015-05-15,37.849998,38.150002,37.389999,37.439999,3212400,37.191111
2015-05-14,38.32,38.459999,37.66,37.77,2406000,37.518919
2015-05-13,38.369999,38.419998,37.990002,38.07,1761600,37.816924
2015-05-12,37.290001,38.41,37.139999,38.25,3336600,37.995728
2015-05-11,37.43,37.869999,37.330002,37.610001,1504900,37.359983
2015-05-08,37.540001,38.02,37.450001,37.529999,1917900,37.280513
2015-05-07,36.709999,37.259998,36.509998,37.119999,1739100,36.873238
2015-05-06,37.259998,37.310001,36.470001,36.68,2826300,36.436165
2015-05-05,37.59,37.720001,36.889999,37.07,3025400,36.823571
2015-05-04,37.950001,38.25,37.599998,37.610001,1358500,37.359983
2015-05-01,37.650002,37.810001,37.439999,37.790001,2209700,37.538786
2015-04-30,37.880001,38.169998,37.34,37.599998,4432000,37.350047
2015-04-29,39.150002,39.330002,37.799999,37.93,3925900,37.677855
2015-04-28,40.099998,40.509998,39.830002,39.93,2642100,39.66456
2015-04-27,40.959999,40.959999,40.130001,40.220001,1215700,39.952633
2015-04-24,40.77,40.98,40.34,40.939999,2280400,40.45924
2015-04-23,40.580002,41.080002,40.389999,40.66,2902400,40.182529
2015-04-22,40.419998,40.82,39.709999,40.59,1958200,40.113351
2015-04-21,40.759998,40.830002,39.880001,40.34,2393900,39.866287
2015-04-20,41.00,41.240002,40.650002,40.68,1673500,40.202295
2015-04-17,40.740002,41.00,40.25,40.630001,2109900,40.152883
2015-04-16,42.290001,42.290001,41.060001,41.099998,2991100,40.617361
2015-04-15,42.25,42.880001,41.939999,42.610001,2364500,42.109631
2015-04-14,41.610001,42.34,41.52,42.169998,1441800,41.674795
2015-04-13,41.740002,42.32,41.549999,41.57,2369200,41.081843
2015-04-10,41.50,42.049999,41.400002,41.91,2382700,41.41785
2015-04-09,41.689999,41.939999,41.52,41.810001,2031500,41.319026
2015-04-08,41.290001,41.709999,41.060001,41.639999,2135800,41.15102
2015-04-07,42.16,42.330002,41.470001,41.52,1743600,41.032431
2015-04-06,41.549999,42.59,41.369999,42.34,2896100,41.842801
2015-04-02,41.59,41.98,41.470001,41.77,1692200,41.279495
2015-04-01,41.48,41.73,41.09,41.66,3289800,41.170786
2015-03-31,41.459999,41.720001,41.139999,41.52,2516400,41.032431
2015-03-30,41.23,41.880001,41.139999,41.639999,1596700,41.15102
2015-03-27,41.00,41.23,40.84,41.060001,1566200,40.577833
2015-03-26,40.59,41.389999,40.290001,41.009998,3005500,40.528418
2015-03-25,41.43,41.450001,40.709999,40.709999,1804500,40.231941
2015-03-24,41.66,41.900002,41.259998,41.439999,2786400,40.953368
2015-03-23,40.43,42.080002,40.25,41.630001,4987100,41.14114
2015-03-20,39.650002,40.560001,39.549999,40.349998,3546700,39.876168
2015-03-19,40.110001,40.23,38.59,39.369999,3446100,38.907677
2015-03-18,39.279999,40.880001,39.18,40.290001,3598900,39.816875
2015-03-17,38.889999,39.490002,38.509998,39.400002,2250400,38.937327
2015-03-16,38.50,38.990002,38.279999,38.970001,2200500,38.512376
2015-03-13,38.299999,38.450001,37.16,38.389999,1775400,37.939185
2015-03-12,38.200001,38.50,37.93,38.34,1981900,37.889773
2015-03-11,37.779999,38.209999,37.610001,38.139999,1421400,37.692121
2015-03-10,38.639999,38.77,37.860001,37.880001,2012100,37.435176
2015-03-09,38.119999,39.150002,37.990002,38.970001,2317800,38.512376
2015-03-06,38.669998,39.029999,37.93,38.060001,2020200,37.613062
2015-03-05,38.529999,39.09,38.34,39.029999,1520200,38.571669
2015-03-04,38.599998,38.75,38.220001,38.34,1691400,37.889773
2015-03-03,38.919998,38.970001,38.360001,38.830002,1912300,38.374021
2015-03-02,39.200001,39.419998,38.75,39.080002,1247300,38.621085
2015-02-27,39.529999,39.73,39.110001,39.220001,1301900,38.75944
2015-02-26,39.75,39.98,39.360001,39.509998,1442300,39.046032
2015-02-25,39.400002,39.830002,39.32,39.810001,1302100,39.342512
2015-02-24,39.720001,39.970001,39.360001,39.419998,1925800,38.957089
2015-02-23,39.290001,39.860001,39.119999,39.84,1578900,39.372159
2015-02-20,39.00,39.52,38.25,39.380001,1989000,38.917561
2015-02-19,38.98,39.32,38.400002,39.130001,1601500,38.670497
2015-02-18,38.939999,39.490002,38.799999,39.07,1984900,38.6112
2015-02-17,38.740002,39.220001,38.509998,39.00,2586800,38.542023
2015-02-13,38.130001,38.50,37.810001,38.209999,1998700,37.761299
2015-02-12,37.310001,38.419998,37.310001,38.099998,2489300,37.65259
2015-02-11,37.150002,37.279999,36.889999,37.169998,1618700,36.733511
2015-02-10,37.43,37.549999,37.080002,37.299999,1674900,36.861985
2015-02-09,36.869999,37.369999,36.73,37.119999,1355100,36.684098
2015-02-06,37.490002,37.639999,37.07,37.32,2010100,36.881751
2015-02-05,36.18,37.50,36.00,37.470001,2339900,37.029991
2015-02-04,35.810001,36.630001,35.639999,36.119999,1823400,35.695841
2015-02-03,35.860001,36.299999,35.41,36.009998,2254700,35.587133
2015-02-02,34.57,35.630001,34.220001,35.48,2024800,35.063358
2015-01-30,34.50,35.110001,34.34,34.400002,2306900,33.996042
2015-01-29,34.41,34.900002,32.889999,34.790001,3738000,34.381462
2015-01-28,35.189999,36.080002,34.349998,34.380001,5665500,33.976276
2015-01-27,33.66,34.07,33.369999,33.790001,2850500,33.393205
2015-01-26,34.650002,34.77,33.700001,33.82,2436700,33.422851
2015-01-23,34.720001,35.150002,34.540001,34.970001,1876900,34.351813
2015-01-22,34.279999,34.759998,33.57,34.669998,1555000,34.057114
2015-01-21,33.50,34.18,33.380001,34.080002,2316300,33.477547
2015-01-20,33.779999,33.82,33.200001,33.509998,2450100,32.91762
2015-01-16,33.610001,33.889999,33.32,33.66,1825800,33.06497
2015-01-15,34.099998,34.439999,33.490002,33.529999,1941100,32.937267
2015-01-14,34.029999,34.200001,33.349998,33.990002,2478100,33.389138
2015-01-13,34.73,35.07,33.849998,34.389999,2376300,33.782065
2015-01-12,35.41,35.50,34.049999,34.560001,3511700,33.949061
2015-01-09,35.939999,36.369999,35.68,36.18,1394200,35.540422
2015-01-08,35.189999,35.990002,35.02,35.84,1936100,35.206433
2015-01-07,35.00,35.369999,34.73,34.990002,1674400,34.37146
2015-01-06,35.169998,35.23,34.57,34.75,1762500,34.135701
2015-01-05,35.849998,35.860001,34.880001,35.16,2004900,34.538453
2015-01-02,36.419998,36.619999,35.810001,36.130001,1339900,35.491307
2014-12-31,36.509998,36.900002,35.98,36.23,1979500,35.589538
2014-12-30,36.00,36.599998,35.950001,36.330002,1535000,35.687772
2014-12-29,35.720001,36.18,35.66,36.139999,1155700,35.501129
2014-12-26,35.509998,36.029999,35.450001,35.880001,946300,35.245726
2014-12-24,35.380001,35.689999,35.07,35.380001,587500,34.754565
2014-12-23,35.66,36.41,35.099998,35.27,2355900,34.646509
2014-12-22,34.549999,35.119999,34.400002,35.029999,1911200,34.41075
2014-12-19,33.57,35.349998,33.57,34.549999,4572600,33.939236
2014-12-18,32.450001,33.689999,32.369999,33.689999,3079300,33.094438
2014-12-17,31.450001,32.18,31.209999,32.060001,2527900,31.493255
2014-12-16,30.709999,32.369999,30.52,31.440001,3265300,30.884215
2014-12-15,30.60,31.07,30.450001,30.709999,2440200,30.167118
2014-12-12,31.049999,31.290001,30.49,30.51,4194500,29.970655
2014-12-11,32.00,32.490002,31.440001,31.450001,2810600,30.894038
2014-12-10,32.540001,32.599998,31.76,31.940001,2595600,31.375376
2014-12-09,31.76,32.740002,31.719999,32.700001,2603800,32.121941
2014-12-08,34.400002,34.43,31.90,32.540001,5296300,31.96477
2014-12-05,34.459999,34.950001,34.34,34.82,1474400,34.204463
2014-12-04,34.900002,35.060001,34.240002,34.369999,1127300,33.762418
2014-12-03,34.700001,35.330002,34.299999,34.75,1847600,34.135701
2014-12-02,34.150002,34.689999,34.110001,34.490002,1808200,33.880299
2014-12-01,34.779999,34.869999,33.419998,34.00,3688800,33.398959
2014-11-28,35.82,35.82,34.860001,34.939999,1343800,34.322341
2014-11-26,36.32,36.32,35.709999,35.830002,1404600,35.196611
2014-11-25,36.299999,36.369999,35.990002,36.290001,1030400,35.648478
2014-11-24,36.369999,36.43,35.23,36.259998,1823600,35.619006
2014-11-21,36.049999,36.560001,35.939999,36.32,2018300,35.677947
2014-11-20,35.27,35.82,35.07,35.650002,1102900,35.019793
2014-11-19,35.349998,35.52,35.00,35.369999,1216800,34.74474
2014-11-18,35.48,35.549999,35.16,35.369999,1490300,34.74474
2014-11-17,35.799999,35.799999,35.130001,35.400002,1392100,34.774212
2014-11-14,34.919998,35.990002,34.599998,35.98,2225800,35.343957
2014-11-13,36.759998,37.029999,34.549999,35.02,4283000,34.400929
2014-11-12,37.52,37.790001,36.380001,36.77,4877000,36.119993
2014-11-11,36.889999,36.900002,35.389999,35.650002,3734800,35.019793
2014-11-10,36.259998,36.869999,36.18,36.84,2623500,36.188755
2014-11-07,36.080002,36.290001,35.849998,36.200001,1336400,35.560069
2014-11-06,35.900002,36.119999,35.75,36.07,1018600,35.432366
2014-11-05,35.68,35.990002,35.369999,35.959999,1101500,35.32431
2014-11-04,35.130001,35.689999,35.02,35.490002,825300,34.862621
2014-11-03,35.810001,35.990002,35.27,35.32,1305200,34.695625
2014-10-31,35.77,35.860001,35.459999,35.84,1319400,35.206433
2014-10-30,34.700001,35.34,34.66,35.189999,1201900,34.567922
2014-10-29,35.060001,35.560001,34.50,34.919998,1359000,34.302694
2014-10-28,34.32,35.169998,34.150002,35.07,1301900,34.450044
2014-10-27,34.200001,34.200001,33.66,34.099998,662600,33.49719
2014-10-24,34.02,34.540001,33.950001,34.50,750600,33.693656
2014-10-23,34.040001,34.41,33.880001,34.119999,1468400,33.322536
2014-10-22,33.82,34.130001,33.73,33.73,2278400,32.941652
2014-10-21,33.00,33.830002,33.00,33.799999,1416700,33.010016
2014-10-20,32.619999,32.939999,32.43,32.93,1451900,32.160351
2014-10-17,32.25,33.650002,32.25,32.830002,2697000,32.062689
2014-10-16,31.959999,32.619999,31.889999,31.959999,2697300,31.213021
2014-10-15,31.709999,32.580002,31.51,32.459999,2733600,31.701334
2014-10-14,32.02,32.360001,31.90,32.209999,2047900,31.457178
2014-10-13,32.189999,32.630001,31.709999,31.879999,2148500,31.13489
2014-10-10,33.029999,33.209999,32.119999,32.139999,2453800,31.388814
2014-10-09,33.91,34.029999,33.029999,33.07,2192000,32.297078
2014-10-08,33.23,33.950001,32.470001,33.900002,3837000,33.107681
2014-10-07,34.549999,34.630001,33.18,33.27,2689100,32.492404
2014-10-06,35.029999,35.119999,34.459999,34.779999,1657300,33.96711
2014-10-03,34.48,35.029999,34.18,34.919998,1677300,34.103838
2014-10-02,34.66,34.830002,33.650002,34.34,2324400,33.537396
2014-10-01,35.400002,35.400002,34.599998,34.669998,1751400,33.859681
2014-09-30,35.560001,35.700001,35.23,35.459999,1284500,34.631218
2014-09-29,35.259998,35.599998,35.119999,35.57,1364200,34.738647
2014-09-26,35.419998,35.889999,35.419998,35.610001,1687700,34.777713
2014-09-25,35.84,36.110001,35.130001,35.369999,1715900,34.543321
2014-09-24,35.419998,36.060001,35.310001,36.040001,1898600,35.197663
2014-09-23,36.34,36.50,35.41,35.450001,2591000,34.621453
2014-09-22,36.970001,37.009998,36.400002,36.529999,1199300,35.676209
2014-09-19,37.50,37.50,36.84,37.07,2254400,36.203589
2014-09-18,37.150002,37.41,36.970001,37.360001,980800,36.486812
2014-09-17,37.16,37.27,36.869999,36.950001,1184900,36.086395
2014-09-16,36.869999,37.23,36.689999,37.099998,1176000,36.232886
2014-09-15,36.799999,37.040001,36.59,36.849998,847400,35.98873
2014-09-12,36.98,37.040001,36.48,36.869999,1327300,36.008263
2014-09-11,36.639999,37.049999,36.639999,36.990002,1051400,36.125461
2014-09-10,36.34,36.73,36.16,36.709999,1468200,35.852002
2014-09-09,36.889999,36.91,35.919998,36.259998,2052200,35.412519
2014-09-08,36.950001,37.34,36.91,37.200001,1296600,36.330551
2014-09-05,36.869999,37.139999,36.599998,37.029999,982200,36.164523
2014-09-04,37.00,37.369999,36.740002,36.880001,1037400,36.018031
2014-09-03,37.02,37.18,36.75,36.990002,1062800,36.125461
2014-09-02,36.860001,37.09,36.630001,36.959999,1178800,36.096159
2014-08-29,36.970001,37.16,36.619999,36.860001,916000,35.998498
2014-08-28,36.740002,37.200001,36.59,36.950001,929900,36.086395
2014-08-27,37.139999,37.23,36.41,36.919998,1501300,36.057093
2014-08-26,37.16,37.439999,36.91,37.099998,1276400,36.232886
2014-08-25,37.27,37.43,36.82,37.220001,1593500,36.350084
2014-08-22,37.040001,37.189999,36.59,37.02,1231000,36.154758
2014-08-21,37.23,37.50,36.959999,37.040001,2033900,36.174291
2014-08-20,36.27,37.369999,36.27,37.220001,3561600,36.350084
2014-08-19,36.639999,36.75,36.23,36.240002,1713000,35.39299
2014-08-18,36.529999,36.959999,36.299999,36.639999,2411500,35.783639
2014-08-15,37.080002,37.299999,36.18,36.41,2464600,35.559015
2014-08-14,36.810001,37.09,36.66,37.07,1737600,36.203589
2014-08-13,36.610001,36.91,36.389999,36.810001,1601800,35.949667
2014-08-12,36.189999,36.779999,36.189999,36.599998,2030900,35.744573
2014-08-11,35.540001,36.650002,35.509998,36.349998,3028000,35.500416
2014-08-08,34.720001,35.509998,34.720001,35.50,1981700,34.670284
2014-08-07,34.869999,34.93,34.59,34.720001,1464100,33.908515
2014-08-06,34.200001,35.00,34.200001,34.669998,2378100,33.859681
2014-08-05,34.490002,34.700001,34.23,34.459999,1949700,33.65459
2014-08-04,34.07,34.689999,33.869999,34.540001,1558800,33.732722
2014-08-01,34.720001,34.950001,33.799999,34.00,2460400,33.205342
2014-07-31,34.599998,35.00,34.16,34.799999,3711100,33.986643
2014-07-30,34.919998,35.889999,33.16,34.779999,11017100,33.96711
2014-07-29,33.169998,33.380001,32.939999,33.00,2555400,32.228714
2014-07-28,32.98,33.200001,32.740002,33.119999,1614700,32.345909
2014-07-25,33.470001,33.529999,33.150002,33.169998,789700,32.199415
2014-07-24,33.59,33.59,33.330002,33.48,862500,32.500346
2014-07-23,33.189999,33.66,32.889999,33.540001,1457300,32.558591
2014-07-22,33.52,33.689999,33.110001,33.16,1458600,32.189709
2014-07-21,33.470001,33.59,33.09,33.400002,1019600,32.422688
2014-07-18,33.16,33.720001,32.950001,33.619999,1863600,32.636248
2014-07-17,33.549999,33.709999,33.060001,33.139999,1380200,32.170294
2014-07-16,33.68,33.919998,33.450001,33.619999,1428600,32.636248
2014-07-15,33.66,33.880001,33.439999,33.580002,1015900,32.597422
2014-07-14,33.220001,33.669998,33.07,33.650002,1886200,32.665373
2014-07-11,33.25,33.25,32.830002,33.049999,1342600,32.082927
2014-07-10,33.029999,33.509998,33.02,33.34,1488300,32.364443
2014-07-09,33.259998,33.630001,33.209999,33.549999,1697800,32.568297
2014-07-08,33.959999,34.080002,33.110001,33.139999,2921900,32.170294
2014-07-07,34.73,34.82,33.98,34.07,1679500,33.073082
2014-07-03,34.75,35.00,34.490002,34.759998,950200,33.74289
2014-07-02,34.529999,34.900002,34.529999,34.68,1948900,33.665233
2014-07-01,34.959999,35.02,34.43,34.509998,1912100,33.500206
2014-06-30,34.720001,35.150002,34.450001,34.939999,2445600,33.917624
2014-06-27,34.32,34.75,34.32,34.689999,2533200,33.674939
2014-06-26,34.610001,34.630001,34.200001,34.48,1914800,33.471085
2014-06-25,34.169998,34.830002,34.09,34.630001,2359000,33.616697
2014-06-24,34.52,34.610001,34.150002,34.27,2472600,33.26723
2014-06-23,34.369999,34.689999,33.709999,34.66,2001900,33.645818
2014-06-20,34.43,34.48,34.150002,34.380001,3526200,33.374012
2014-06-19,34.48,34.549999,34.029999,34.279999,1596800,33.276936
2014-06-18,34.889999,34.900002,34.09,34.43,2288300,33.422548
2014-06-17,33.349998,35.189999,33.330002,34.810001,5263800,33.79143
2014-06-16,33.939999,33.939999,33.209999,33.349998,1968700,32.374148
2014-06-13,34.09,34.189999,33.720001,33.959999,1721300,32.9663
2014-06-12,33.439999,34.18,33.369999,34.09,3138100,33.092497
2014-06-11,33.669998,33.759998,33.139999,33.529999,1572800,32.548882
2014-06-10,33.720001,34.130001,33.610001,33.759998,1877600,32.772151
2014-06-09,33.639999,34.049999,33.549999,33.75,1322000,32.762446
2014-06-06,33.060001,33.720001,33.00,33.68,1724200,32.694494
2014-06-05,32.540001,33.049999,32.279999,33.040001,1294000,32.073222
2014-06-04,32.330002,32.639999,32.110001,32.509998,1011900,31.558727
2014-06-03,32.07,32.52,32.00,32.43,2009400,31.48107
2014-06-02,32.290001,32.75,32.139999,32.220001,1673500,31.277216
2014-05-30,32.509998,32.709999,32.110001,32.200001,2008700,31.257801
2014-05-29,32.439999,32.580002,32.16,32.57,1500200,31.616973
2014-05-28,32.450001,32.709999,32.099998,32.41,1797600,31.461655
2014-05-27,32.849998,32.919998,32.189999,32.400002,2548600,31.451949
2014-05-23,32.779999,33.00,32.490002,32.889999,2119900,31.927609
2014-05-22,32.470001,32.650002,32.240002,32.59,1622900,31.636388
2014-05-21,32.459999,32.619999,32.310001,32.509998,1257500,31.558727
2014-05-20,32.549999,32.669998,32.16,32.290001,1492000,31.345167
2014-05-19,31.969999,32.900002,31.860001,32.630001,3103600,31.675219
2014-05-16,32.029999,32.200001,31.85,32.060001,2182500,31.121898
2014-05-15,31.950001,32.09,31.379999,32.07,2471100,31.131603
2014-05-14,32.209999,32.25,31.709999,32.060001,2155100,31.121898
2014-05-13,32.00,32.27,31.90,32.150002,2151300,31.209264
2014-05-12,31.360001,32.099998,31.35,31.940001,2789500,31.005408
2014-05-09,31.67,31.68,31.17,31.209999,1391300,30.296767
2014-05-08,31.209999,31.620001,31.17,31.610001,2260200,30.685064
2014-05-07,31.040001,31.34,30.57,31.33,2395500,30.413257
2014-05-06,30.68,31.48,30.66,31.030001,3423700,30.122036
2014-05-05,30.309999,31.00,30.26,30.74,4340100,29.840521
2014-05-02,30.09,30.52,30.059999,30.25,1984900,29.364859
2014-05-01,30.190001,30.48,30.00,30.07,3256400,29.190125
2014-04-30,31.290001,32.73,29.25,30.24,7313700,29.355151
2014-04-29,29.15,29.870001,29.15,29.75,3577600,28.879489
2014-04-28,29.18,29.27,28.85,29.08,3207000,28.229094
2014-04-25,29.610001,29.690001,29.17,29.27,1944700,28.219385
2014-04-24,29.870001,29.959999,29.459999,29.629999,1701000,28.566462
2014-04-23,30.129999,30.35,29.82,29.84,1837500,28.768926
2014-04-22,30.41,30.48,30.07,30.200001,1919600,29.116004
2014-04-21,30.26,30.50,30.049999,30.35,1604500,29.26062
2014-04-17,30.280001,30.469999,29.809999,30.219999,1611500,29.135285
2014-04-16,30.18,30.559999,30.15,30.440001,2144800,29.34739
2014-04-15,30.360001,30.40,29.52,29.940001,2227400,28.865337
2014-04-14,29.92,30.59,29.860001,30.33,1931100,29.241337
2014-04-11,30.200001,30.49,29.58,29.74,3233100,28.672515
2014-04-10,31.60,31.700001,30.200001,30.309999,3406100,29.222055
2014-04-09,30.58,31.709999,30.43,31.68,4636300,30.542881
2014-04-08,30.85,30.90,30.040001,30.469999,3764900,29.376312
2014-04-07,32.009998,32.200001,30.639999,30.98,4056100,29.868006
2014-04-04,32.16,32.470001,31.870001,32.18,3383600,31.024934
2014-04-03,31.57,32.700001,31.530001,32.060001,6396700,30.909242
2014-04-02,30.450001,31.379999,30.42,31.379999,4709300,30.253648
2014-04-01,30.190001,30.60,29.950001,30.459999,3919800,29.36667
2014-03-31,29.83,30.02,29.629999,29.950001,2291600,28.874978
2014-03-28,29.049999,29.969999,29.00,29.68,3159800,28.614669
2014-03-27,29.690001,30.219999,29.639999,29.969999,2789200,28.894259
2014-03-26,30.129999,30.27,29.49,29.65,3279400,28.585745
2014-03-25,29.790001,30.110001,29.639999,29.889999,4438600,28.81713
2014-03-24,29.309999,29.85,29.120001,29.75,3684600,28.682156
2014-03-21,29.299999,29.549999,29.110001,29.25,4396100,28.200103
2014-03-20,29.02,29.25,28.43,29.07,2694800,28.026564
2014-03-19,29.10,29.50,29.059999,29.10,2689000,28.055487
2014-03-18,28.76,29.32,28.75,29.139999,2161700,28.094051
2014-03-17,28.120001,28.809999,28.120001,28.690001,2703000,27.660204
2014-03-14,28.110001,28.49,27.93,28.08,3097300,27.072099
2014-03-13,28.940001,29.07,28.059999,28.23,5677700,27.216714
2014-03-12,29.48,29.639999,28.719999,28.75,5516300,27.71805
2014-03-11,29.92,30.040001,29.32,29.73,4770900,28.662873
2014-03-10,30.57,30.690001,29.85,29.98,5923500,28.9039
2014-03-07,31.120001,31.15,30.719999,30.85,2700200,29.742673
2014-03-06,31.219999,31.559999,30.91,30.93,2127000,29.819801
2014-03-05,30.77,31.58,30.65,31.24,2691600,30.118674
2014-03-04,30.809999,31.09,30.49,30.690001,2813400,29.588416
2014-03-03,30.450001,30.68,30.120001,30.48,2804600,29.385953
2014-02-28,31.43,31.50,30.49,30.709999,4458300,29.607697
2014-02-27,30.940001,31.450001,30.879999,31.34,3209300,30.215085
2014-02-26,31.57,31.67,30.76,30.90,3784600,29.790878
2014-02-25,31.24,31.780001,31.24,31.700001,5407100,30.562164
2014-02-24,30.68,31.559999,30.440001,31.27,5092700,30.147598
2014-02-21,30.84,31.08,30.49,30.57,5542600,29.472723
2014-02-20,31.24,31.610001,30.85,30.860001,3881200,29.752314
2014-02-19,31.25,31.969999,31.129999,31.450001,4315400,30.321137
2014-02-18,31.559999,31.68,31.08,31.299999,2924700,30.17652
2014-02-14,31.16,31.65,31.030001,31.610001,3940900,30.475394
2014-02-13,30.49,31.559999,30.389999,31.299999,5330300,30.17652
2014-02-12,30.809999,31.209999,30.43,30.549999,3931100,29.45344
2014-02-11,30.84,31.15,30.50,30.709999,4151300,29.607697
2014-02-10,31.190001,32.27,30.440001,30.93,6970700,29.819801
2014-02-07,30.24,31.60,30.07,31.530001,12644900,30.398265
2014-02-06,29.85,30.40,29.74,29.959999,5775500,28.884617
2014-02-05,29.950001,30.25,29.629999,29.75,4767200,28.682156
2014-02-04,28.860001,30.32,28.690001,30.200001,8335000,29.116004
2014-02-03,30.049999,30.40,28.65,28.83,9806400,27.795178
2014-01-31,30.469999,30.860001,29.959999,30.040001,13857900,28.961748
2014-01-30,31.50,33.130001,29.559999,31.40,36645400,30.272931
2014-01-29,37.93,38.209999,37.610001,37.810001,4651800,36.452852
2014-01-28,38.130001,38.52,37.84,38.279999,2978600,36.90598
2014-01-27,39.220001,39.220001,37.77,38.139999,4235500,36.771005
2014-01-24,38.889999,39.169998,38.759998,38.779999,4630500,37.195212
2014-01-23,39.32,39.48,38.990002,39.02,2901900,37.425406
2014-01-22,39.580002,39.799999,39.459999,39.560001,2224600,37.943339
2014-01-21,39.889999,40.439999,39.52,39.580002,4397400,37.962522
2014-01-17,39.27,40.07,39.139999,39.66,2882800,38.039251
2014-01-16,38.959999,39.490002,38.900002,39.189999,1935500,37.588457
2014-01-15,38.939999,39.009998,38.580002,38.950001,3415200,37.358267
2014-01-14,38.919998,39.369999,38.099998,38.939999,4698600,37.348674
2014-01-13,39.09,39.580002,38.84,39.009998,2462300,37.415813
2014-01-10,39.34,39.700001,38.990002,39.080002,2250800,37.482955
2014-01-09,39.599998,39.860001,39.049999,39.220001,3492900,37.617234
2014-01-08,40.130001,40.490002,39.310001,39.459999,2971500,37.847424
2014-01-07,39.700001,40.310001,39.68,40.200001,2390900,38.557184
2014-01-06,39.669998,40.02,39.48,39.650002,2448200,38.029662
2014-01-03,39.77,39.900002,39.41,39.50,2134200,37.88579
2014-01-02,40.400002,40.599998,39.380001,39.619999,3834400,38.000885
2013-12-31,40.59,40.849998,40.169998,40.470001,2587900,38.816151
2013-12-30,41.150002,41.389999,40.43,40.580002,1992300,38.921656
2013-12-27,40.889999,41.259998,40.880001,41.150002,2162900,39.468362
2013-12-26,40.200001,41.029999,40.189999,40.939999,2475400,39.266941
2013-12-24,39.970001,40.220001,39.970001,40.16,548000,38.518818
2013-12-23,39.779999,40.099998,39.720001,40.009998,2000400,38.374947
2013-12-20,40.150002,40.150002,39.43,39.689999,3475000,38.068024
2013-12-19,40.200001,40.43,39.889999,39.950001,2110000,38.317401
2013-12-18,39.599998,40.240002,39.279999,40.150002,4132500,38.509228
2013-12-17,39.669998,40.00,39.459999,39.50,2348000,37.88579
2013-12-16,38.990002,39.619999,38.939999,39.509998,3671000,37.89538
2013-12-13,39.189999,39.279999,38.400002,38.799999,4722600,37.214395
2013-12-12,39.599998,39.75,39.169998,39.25,3188700,37.646006
2013-12-11,39.849998,40.450001,39.540001,39.700001,2339300,38.077617
2013-12-10,39.709999,40.080002,39.310001,39.82,3608500,38.192713
2013-12-09,40.529999,40.939999,39.619999,39.689999,3518100,38.068024
2013-12-06,41.029999,41.630001,40.419998,40.52,3388700,38.864107
2013-12-05,40.470001,40.880001,40.279999,40.740002,2443000,39.075118
2013-12-04,40.299999,41.119999,40.150002,40.630001,1941700,38.969612
2013-12-03,40.07,40.779999,39.82,40.470001,3286000,38.816151
2013-12-02,40.77,41.16,40.25,40.349998,3093100,38.701052
2013-11-29,40.950001,41.009998,40.50,40.560001,1470500,38.902473
2013-11-27,40.880001,41.34,40.669998,40.849998,2418900,39.180619
2013-11-26,41.419998,41.950001,40.82,40.849998,4504200,39.180619
2013-11-25,42.34,42.369999,39.709999,41.459999,20415200,39.765692
2013-11-22,43.50,44.400002,43.50,44.009998,2997000,42.211482
2013-11-21,43.779999,44.34,43.220001,43.349998,4725800,41.578454
2013-11-20,45.00,46.049999,43.049999,43.84,7999900,42.048431
2013-11-19,42.66,43.27,42.650002,42.810001,2670000,41.060525
2013-11-18,43.119999,43.200001,42.57,42.77,2574600,41.022158
2013-11-15,43.50,43.619999,43.009998,43.25,1896400,41.482542
2013-11-14,42.830002,43.459999,42.259998,43.369999,2278400,41.597637
2013-11-13,42.389999,42.889999,42.23,42.740002,1935100,40.993385
2013-11-12,42.470001,42.860001,42.290001,42.59,1943800,40.849514
2013-11-11,42.580002,42.939999,42.48,42.68,1573300,40.935836
2013-11-08,42.57,42.759998,42.139999,42.400002,2170700,40.66728
2013-11-07,43.459999,43.82,42.439999,42.630001,2304600,40.88788
2013-11-06,43.240002,43.830002,43.16,43.259998,1299200,41.492132
2013-11-05,43.060001,43.389999,42.75,43.150002,1509500,41.38663
2013-11-04,43.529999,43.669998,42.290001,43.18,2058100,41.415403
2013-11-01,43.389999,44.00,43.040001,43.459999,1946000,41.683959
2013-10-31,42.860001,43.959999,42.810001,43.369999,2903500,41.597637
2013-10-30,42.599998,43.279999,42.490002,42.970001,4399200,41.213986
2013-10-29,41.950001,42.779999,41.810001,42.599998,2605000,40.859104
2013-10-28,42.07,42.189999,41.66,41.779999,1753100,40.072614
2013-10-25,42.189999,42.32,41.98,42.169998,2177200,40.326783
2013-10-24,41.650002,42.240002,41.619999,42.18,2753700,40.336348
2013-10-23,41.389999,41.700001,41.130001,41.580002,2271600,39.762575
2013-10-22,40.84,41.470001,40.700001,41.450001,2161200,39.638256
2013-10-21,40.939999,41.09,40.50,40.830002,2443000,39.045357
2013-10-18,40.540001,41.200001,40.50,40.990002,3703500,39.198363
2013-10-17,39.740002,40.330002,39.580002,40.299999,2584600,38.53852
2013-10-16,39.18,39.860001,38.369999,39.860001,3179000,38.117754
2013-10-15,40.009998,40.560001,39.150002,39.150002,3056700,37.438788
2013-10-14,39.240002,40.23,39.110001,40.009998,3208600,38.261195
2013-10-11,39.720001,39.790001,39.220001,39.34,3553300,37.620482
2013-10-10,39.709999,40.459999,39.650002,39.73,2710300,37.993435
2013-10-09,39.150002,39.450001,38.830002,39.330002,2208700,37.610921
2013-10-08,39.540001,39.700001,38.939999,39.00,2182900,37.295343
2013-10-07,39.630001,39.98,39.580002,39.610001,1712900,37.878681
2013-10-04,39.880001,40.099998,39.639999,40.060001,1675900,38.309012
2013-10-03,40.450001,40.619999,39.799999,39.880001,2452200,38.13688
2013-10-02,40.349998,40.689999,39.939999,40.68,1823100,38.901912
2013-10-01,40.720001,41.040001,40.439999,40.48,2494200,38.710653
2013-09-30,41.040001,41.150002,40.630001,40.66,2321300,38.882785
2013-09-27,41.799999,41.830002,41.150002,41.259998,2145700,39.456558
2013-09-26,41.880001,42.419998,41.880001,42.130001,1612100,40.288534
2013-09-25,42.610001,42.880001,41.900002,41.950001,2463800,40.116402
2013-09-24,42.799999,42.919998,42.049999,42.700001,3255200,40.83362
2013-09-23,42.32,43.02,41.91,42.880001,2648100,41.005752
2013-09-20,42.610001,42.650002,41.959999,42.32,5268800,40.470228
2013-09-19,42.00,42.790001,41.849998,42.689999,4199100,40.824055
2013-09-18,41.27,41.950001,41.040001,41.93,2192000,40.097275
2013-09-17,41.529999,41.740002,41.119999,41.330002,2747600,39.523502
2013-09-16,40.549999,41.66,40.470001,41.48,3323200,39.666944
2013-09-13,39.82,40.209999,39.380001,40.029999,1105900,38.280321
2013-09-12,40.009998,40.200001,39.66,39.700001,1497800,37.964747
2013-09-11,40.509998,40.57,39.720001,40.139999,1861000,38.385514
2013-09-10,40.27,40.73,40.099998,40.50,1699600,38.729779
2013-09-09,39.630001,40.09,39.380001,39.970001,1510100,38.222946
2013-09-06,40.09,40.099998,39.169998,39.48,2630400,37.754362
2013-09-05,39.07,40.200001,39.049999,39.950001,2387200,38.20382
2013-09-04,39.049999,39.560001,38.91,39.110001,3309100,37.400535
2013-09-03,40.00,40.23,39.040001,39.139999,3995800,37.429223
2013-08-30,40.709999,40.77,39.709999,39.830002,2303400,38.089066
2013-08-29,40.349998,41.279999,40.25,40.709999,1576800,38.930599
2013-08-28,40.459999,40.73,40.279999,40.450001,1568400,38.681965
2013-08-27,40.75,41.00,40.450001,40.470001,1700700,38.701092
2013-08-26,41.240002,41.450001,41.099998,41.259998,1249100,39.456558
2013-08-23,41.52,41.59,41.119999,41.25,1063300,39.446997
2013-08-22,40.830002,41.619999,40.669998,41.509998,1463200,39.695631
2013-08-21,41.080002,41.150002,40.709999,40.869999,2871600,39.083606
2013-08-20,40.849998,41.299999,40.669998,41.25,1791900,39.446997
2013-08-19,40.93,41.150002,40.619999,40.849998,1902200,39.064479
2013-08-16,40.00,41.139999,39.950001,41.060001,2059300,39.265303
2013-08-15,40.650002,40.709999,40.00,40.119999,3019700,38.366388
2013-08-14,40.93,41.240002,40.869999,40.880001,1426000,39.093171
2013-08-13,41.119999,41.209999,40.889999,41.00,1691400,39.207924
2013-08-12,41.080002,41.41,40.93,40.959999,2048900,39.169672
2013-08-09,41.040001,41.560001,40.84,41.200001,1645800,39.399183
2013-08-08,40.400002,41.099998,40.279999,41.049999,1930600,39.255738
2013-08-07,40.27,40.459999,39.919998,40.34,2177200,38.576773
2013-08-06,41.16,41.18,40.099998,40.209999,3153100,38.452454
2013-08-05,40.50,41.290001,40.169998,41.25,2307800,39.446997
2013-08-02,39.84,40.689999,39.700001,40.599998,3732100,38.825407
2013-08-01,40.00,40.419998,39.599998,39.75,6364400,38.012561
2013-07-31,43.119999,44.00,40.00,40.080002,9357600,38.328139
2013-07-30,41.380001,42.549999,41.32,42.09,3280200,40.250282
2013-07-29,40.919998,41.369999,40.869999,41.16,1003100,39.360931
2013-07-26,41.470001,41.619999,40.939999,41.16,1307200,39.241395
2013-07-25,42.080002,42.459999,41.369999,41.599998,2065100,39.660884
2013-07-24,42.419998,42.540001,41.810001,42.09,842100,40.128045
2013-07-23,42.23,42.650002,41.860001,42.32,1152100,40.347323
2013-07-22,42.18,42.389999,41.810001,42.00,1950800,40.04224
2013-07-19,42.48,42.650002,42.040001,42.169998,1775100,40.204314
2013-07-18,42.889999,42.950001,42.43,42.490002,1460900,40.509401
2013-07-17,43.080002,43.450001,42.540001,42.700001,1467700,40.709611
2013-07-16,43.779999,43.84,42.900002,42.959999,2257800,40.95749
2013-07-15,43.200001,44.560001,43.150002,43.860001,3481400,41.81554
2013-07-12,42.630001,43.060001,42.470001,43.02,2068300,41.014695
2013-07-11,42.23,42.889999,42.220001,42.689999,2651200,40.700075
2013-07-10,42.130001,42.34,41.209999,41.880001,4244100,39.927835
2013-07-09,40.200001,42.75,40.119999,42.02,6988200,40.061308
2013-07-08,39.84,40.220001,39.700001,39.950001,4096000,38.087798
2013-07-05,39.490002,39.619999,39.279999,39.610001,1778700,37.763646
2013-07-03,39.43,39.529999,39.200001,39.240002,1821900,37.410894
2013-07-02,40.349998,40.610001,39.490002,39.59,3925200,37.744578
2013-07-01,39.990002,40.759998,39.990002,40.43,2547400,38.545423
2013-06-28,40.330002,40.630001,39.799999,39.849998,4006800,37.992457
2013-06-27,41.169998,41.279999,40.16,40.349998,2368900,38.46915
2013-06-26,40.470001,41.080002,40.41,40.950001,2833000,39.041185
2013-06-25,39.459999,40.18,39.380001,40.029999,2636700,38.164067
2013-06-24,39.09,39.310001,38.630001,39.139999,2706900,37.315553
2013-06-21,39.740002,39.77,39.060001,39.369999,3805000,37.534832
2013-06-20,40.299999,40.299999,39.23,39.419998,3818800,37.582501
2013-06-19,40.849998,41.400002,40.48,40.549999,3077600,38.659829
2013-06-18,39.84,40.790001,39.689999,40.77,2668600,38.869575
2013-06-17,39.540001,40.07,39.240002,39.619999,3908600,37.773179
2013-06-14,38.830002,39.490002,38.73,39.41,4755000,37.572968
2013-06-13,39.060001,39.299999,38.09,38.77,8204700,36.962801
2013-06-12,40.110001,40.150002,39.029999,39.150002,3174500,37.325089
2013-06-11,39.669998,40.110001,39.630001,39.919998,3273300,38.059194
2013-06-10,40.18,40.23,39.84,40.009998,4273700,38.144999
2013-06-07,40.18,40.669998,40.009998,40.209999,3439600,38.335677
2013-06-06,39.759998,40.25,39.43,40.00,3988000,38.135467
2013-06-05,40.110001,40.189999,39.66,39.740002,4412800,37.887588
2013-06-04,40.889999,41.189999,39.93,40.400002,4389200,38.516823
2013-06-03,40.98,41.700001,40.049999,41.049999,3896700,39.136522
2013-05-31,41.18,41.509998,40.560001,40.59,3041300,38.697965
2013-05-30,41.939999,42.049999,41.169998,41.209999,3086200,39.289064
2013-05-29,41.93,42.110001,41.619999,42.00,3533000,40.04224
2013-05-28,42.73,42.799999,42.240002,42.32,2184300,40.347323
2013-05-24,41.779999,42.650002,41.740002,42.330002,2219000,40.356859
2013-05-23,40.950001,42.18,40.759998,42.099998,2675400,40.137577
2013-05-22,42.27,42.439999,41.07,41.169998,3118600,39.250927
2013-05-21,41.84,42.669998,41.84,42.349998,2441900,40.375924
2013-05-20,42.75,43.00,41.860001,41.880001,4689600,39.927835
2013-05-17,41.830002,43.43,41.830002,43.299999,2700600,41.281642
2013-05-16,42.389999,42.540001,41.779999,41.830002,2255800,39.880166
2013-05-15,42.919998,42.919998,42.040001,42.400002,2929600,40.423596
2013-05-14,43.009998,43.310001,42.52,42.880001,2290500,40.881221
2013-05-13,44.009998,44.110001,42.650002,42.810001,3298800,40.814484
2013-05-10,44.869999,44.919998,44.040001,44.130001,1855200,42.072955
2013-05-09,44.48,45.040001,44.43,44.700001,1596400,42.616385
2013-05-08,44.400002,44.990002,43.93,44.470001,2576500,42.397106
2013-05-07,44.439999,44.880001,44.150002,44.400002,2737100,42.330369
2013-05-06,43.759998,44.459999,43.360001,44.360001,3038000,42.292233
2013-05-03,42.830002,43.950001,42.75,43.50,4355900,41.47232
2013-05-02,40.959999,42.50,40.939999,42.450001,3901100,40.471265
2013-05-01,41.299999,42.639999,40.189999,40.639999,9157600,38.745633
2013-04-30,43.650002,43.98,42.950001,43.639999,3230800,41.605793
2013-04-29,44.07,44.799999,43.529999,43.639999,2003800,41.605793
2013-04-26,43.990002,44.220001,43.060001,43.91,2674700,41.863208
2013-04-25,43.580002,44.459999,43.459999,44.040001,1022400,41.98715
2013-04-24,43.889999,44.119999,43.220001,43.43,1636300,41.405583
2013-04-23,43.880001,44.610001,43.59,43.759998,1416000,41.720199
2013-04-22,43.779999,44.119999,43.060001,43.84,1421900,41.796472
2013-04-19,43.470001,44.00,43.110001,43.84,1355300,41.677297
2013-04-18,43.900002,43.959999,43.18,43.66,1520000,41.506177
2013-04-17,43.25,44.060001,42.919998,43.93,2953400,41.762858
2013-04-16,44.32,44.580002,42.75,43.389999,5261200,41.249496
2013-04-15,45.939999,45.959999,44.02,44.02,3515700,41.848418
2013-04-12,45.00,46.049999,44.990002,45.98,4546800,43.711727
2013-04-11,45.75,45.779999,44.970001,45.07,2470600,42.846619
2013-04-10,45.349998,45.77,43.860001,45.610001,6183900,43.359981
2013-04-09,46.599998,46.709999,44.939999,45.009998,3354000,42.789577
2013-04-08,46.130001,46.599998,45.639999,46.580002,2375800,44.28213
2013-04-05,44.209999,46.639999,43.259998,46.32,4863900,44.034954
2013-04-04,46.099998,46.200001,44.52,44.830002,6295100,42.618461
2013-04-03,45.00,46.240002,44.57,45.950001,11209700,43.683208
2013-04-02,47.240002,47.720001,46.279999,46.470001,9261300,44.177556
2013-04-01,48.849998,48.860001,47.540001,48.00,3179500,45.632077
2013-03-28,48.700001,48.990002,48.330002,48.939999,2289900,46.525704
2013-03-27,48.23,49.25,48.23,48.59,1464000,46.192972
2013-03-26,48.720001,48.950001,48.240002,48.349998,1448100,45.96481
2013-03-25,49.16,49.380001,48.32,48.470001,1284500,46.078892
2013-03-22,48.950001,49.48,48.27,48.830002,2031700,46.421134
2013-03-21,48.869999,50.349998,48.799999,48.880001,2613500,46.468666
2013-03-20,49.389999,49.610001,48.900002,49.02,1173000,46.601759
2013-03-19,49.169998,49.68,48.849998,49.099998,1075700,46.677811
2013-03-18,49.049999,49.57,48.50,49.16,991400,46.734852
2013-03-15,48.939999,49.549999,48.759998,49.41,1408400,46.972519
2013-03-14,49.73,50.369999,49.080002,49.23,1612300,46.801399
2013-03-13,48.669998,50.200001,48.669998,49.73,1725600,47.276733
2013-03-12,48.52,48.959999,48.52,48.740002,1716500,46.335573
2013-03-11,47.810001,49.290001,47.759998,48.450001,1244000,46.059879
2013-03-08,48.240002,48.849998,47.759998,47.880001,1339200,45.517998
2013-03-07,48.290001,48.66,47.919998,48.040001,1419900,45.670105
2013-03-06,49.27,49.360001,48.310001,48.349998,1268100,45.96481
2013-03-05,48.830002,49.66,48.799999,48.98,1689800,46.563732
2013-03-04,47.950001,48.73,47.939999,48.709999,1533200,46.307051
2013-03-01,47.50,48.200001,47.299999,47.93,1444200,45.565531
2013-02-28,47.93,48.400002,47.299999,47.889999,2128100,45.527503
2013-02-27,46.310001,48.299999,46.310001,47.990002,3015600,45.622572
2013-02-26,46.349998,46.720001,46.349998,46.57,1396600,44.272621
2013-02-25,47.470001,47.950001,46.130001,46.240002,1926500,43.958903
2013-02-22,46.580002,47.34,46.41,46.98,1480400,44.662395
2013-02-21,47.200001,47.310001,45.919998,46.389999,2271700,44.101501
2013-02-20,47.75,47.889999,47.110001,47.360001,2823200,45.02365
2013-02-19,46.400002,47.509998,46.349998,47.27,2831300,44.93809
2013-02-15,46.959999,47.27,46.099998,46.400002,1908300,44.111009
2013-02-14,47.470001,47.57,46.650002,46.73,1771600,44.424728
2013-02-13,47.509998,47.689999,47.200001,47.400002,1261700,45.061678
2013-02-12,47.700001,47.880001,47.029999,47.290001,1520900,44.957104
2013-02-11,47.75,47.959999,47.59,47.630001,965300,45.280331
2013-02-08,48.049999,48.25,47.450001,47.669998,1368300,45.318355
2013-02-07,48.119999,48.470001,47.93,48.150002,2067000,45.774679
2013-02-06,47.630001,48.389999,47.599998,47.919998,1735900,45.556022
2013-02-05,47.490002,48.049999,47.009998,48.009998,2436000,45.641582
2013-02-04,47.310001,47.52,47.150002,47.150002,2189800,44.824011
2013-02-01,47.889999,47.889999,47.09,47.59,2978600,45.242303
2013-01-31,47.759998,48.310001,47.41,47.50,2835400,45.156743
2013-01-30,49.00,49.099998,47.400002,48.00,5990300,45.632077
2013-01-29,46.970001,47.00,46.450001,46.509998,1960600,44.21558
2013-01-28,47.25,47.470001,46.470001,46.970001,952900,44.65289
2013-01-25,47.040001,47.299999,46.630001,47.18,1443200,44.733697
2013-01-24,47.419998,47.810001,46.599998,46.810001,1848200,44.382882
2013-01-23,47.860001,48.18,47.189999,47.360001,1543300,44.904364
2013-01-22,48.23,48.25,47.25,47.98,1319000,45.492216
2013-01-18,48.540001,48.91,47.669998,47.98,2667700,45.492216
2013-01-17,47.990002,48.16,47.709999,47.990002,1620700,45.501699
2013-01-16,47.18,47.900002,46.959999,47.790001,2200800,45.312068
2013-01-15,47.009998,47.50,46.549999,47.25,1729400,44.800067
2013-01-14,46.970001,47.50,46.50,47.380001,1701900,44.923327
2013-01-11,46.66,46.950001,46.130001,46.84,1180000,44.411326
2013-01-10,46.34,46.66,45.689999,46.50,2739700,44.088955
2013-01-09,46.59,46.689999,45.630001,46.00,2016600,43.61488
2013-01-08,47.009998,47.50,45.830002,46.470001,2234200,44.060511
2013-01-07,46.259998,47.169998,46.25,46.66,1597300,44.240658
2013-01-04,46.23,46.799999,45.860001,46.75,1671900,44.325992
2013-01-03,46.040001,46.650002,45.529999,46.110001,1998700,43.719177
2013-01-02,47.060001,47.310001,45.93,46.02,2444500,43.633843
2012-12-31,45.00,46.650002,44.599998,46.490002,1980000,44.079475
2012-12-28,45.740002,46.279999,45.25,45.349998,1599400,42.998581
2012-12-27,45.330002,46.48,45.119999,46.23,2266200,43.832954
2012-12-26,45.23,45.23,44.279999,45.060001,1354100,42.723621
2012-12-24,44.610001,45.419998,44.419998,45.119999,474200,42.780507
2012-12-21,44.860001,45.099998,44.349998,44.73,2796800,42.410729
2012-12-20,44.990002,45.720001,44.709999,45.369999,1821000,43.017545
2012-12-19,45.619999,45.619999,44.84,44.959999,1314900,42.628803
2012-12-18,46.330002,47.00,45.32,45.73,3918900,43.358879
2012-12-17,46.060001,46.740002,45.360001,46.330002,2063600,43.927771
2012-12-14,45.00,46.09,44.700001,45.900002,2476600,43.520066
2012-12-13,45.02,45.529999,44.599998,45.00,1064900,42.66673
2012-12-12,45.27,45.639999,44.849998,45.220001,1218200,42.875324
2012-12-11,45.490002,45.59,44.849998,45.029999,1050800,42.695174
2012-12-10,45.560001,45.880001,45.07,45.25,1026300,42.903768
2012-12-07,44.00,45.970001,43.98,45.549999,4140200,43.188212
2012-12-06,43.830002,44.189999,43.25,43.880001,2269300,41.604804
2012-12-05,44.040001,44.32,43.75,44.07,1065400,41.666433
2012-12-04,44.310001,45.00,43.950001,44.00,1392800,41.600251
2012-12-03,45.810001,45.880001,44.279999,44.720001,2737400,42.280984
2012-11-30,44.830002,45.98,44.73,45.900002,2852600,43.396627
2012-11-29,44.299999,45.209999,44.16,44.790001,1909000,42.347166
2012-11-28,42.380001,44.27,42.380001,44.150002,3446300,41.742072
2012-11-27,45.00,45.00,43.450001,43.57,6803800,41.193703
2012-11-26,42.650002,43.27,42.610001,43.099998,1697200,40.749336
2012-11-23,42.73,42.91,42.43,42.860001,364900,40.522427
2012-11-21,42.299999,42.700001,42.110001,42.66,796400,40.333335
2012-11-20,41.790001,42.34,41.700001,42.25,1526200,39.945696
2012-11-19,41.459999,42.279999,41.200001,41.740002,1741100,39.463513
2012-11-16,41.50,41.639999,40.939999,41.029999,2192300,38.792233
2012-11-15,41.50,41.970001,40.990002,41.400002,2118000,39.142056
2012-11-14,42.77,42.77,41.389999,41.509998,1523400,39.246054
2012-11-13,42.41,43.189999,42.200001,42.830002,1392100,40.494065
2012-11-12,43.060001,44.970001,42.700001,42.849998,1072700,40.512971
2012-11-09,42.09,43.349998,41.869999,43.060001,3040300,40.71152
2012-11-08,40.98,42.34,40.389999,41.759998,1589400,39.482419
2012-11-07,41.599998,41.830002,40.849998,40.98,2292200,38.744961
2012-11-06,42.52,42.790001,41.66,41.720001,2102000,39.444603
2012-11-05,41.50,42.509998,41.169998,41.880001,1663900,39.595877
2012-11-02,42.189999,43.00,41.349998,41.50,1864100,39.236601
2012-11-01,41.509998,41.830002,40.970001,41.279999,2295400,39.028598
2012-10-31,41.759998,42.00,40.77,41.509998,2729900,39.246054
2012-10-26,40.98,42.580002,40.919998,41.860001,3076600,39.576967
2012-10-25,39.75,42.450001,39.75,41.16,7659600,38.915144
2012-10-24,38.150002,38.57,37.549999,38.32,2251600,36.230037
2012-10-23,38.16,38.610001,37.93,38.09,1848600,36.012581
2012-10-22,38.599998,38.970001,38.349998,38.900002,1435300,36.778406
2012-10-19,38.759998,39.099998,38.220001,38.799999,1514300,36.683857
2012-10-18,37.259998,39.00,36.91,38.560001,3614600,36.456949
2012-10-17,37.91,39.00,37.82,38.82,3869800,36.702767
2012-10-16,36.990002,38.00,36.549999,37.84,3530900,35.776216
2012-10-15,35.779999,36.580002,35.380001,36.549999,2831300,34.556572
2012-10-12,36.23,36.50,35.98,36.48,2703100,34.49039
2012-10-11,37.150002,37.209999,35.75,36.450001,5293000,34.462027
2012-10-10,36.970001,37.639999,36.73,37.060001,4325900,35.038759
2012-10-09,38.09,38.580002,37.240002,37.50,3872400,35.45476
2012-10-08,36.639999,38.540001,36.560001,38.23,3698600,36.144945
2012-10-05,38.700001,38.990002,36.970001,38.240002,7520000,36.154402
2012-10-04,39.09,39.380001,38.389999,38.57,3147300,36.466402
2012-10-03,38.560001,40.349998,38.560001,39.09,6480600,36.958042
2012-10-02,37.18,38.549999,36.299999,38.330002,9899000,36.239493
2012-10-01,35.779999,37.299999,35.439999,37.27,10551300,35.237304
