Date,Open Price,High,Low,Close Price,Volume,
13/03/2015 00:00:00,32.6000,32.8700,32.5450,32.7000,396948
12/03/2015 00:00:00,32.4550,32.6500,32.3300,32.5650,301078
11/03/2015 00:00:00,32.0550,32.4200,32.0350,32.3200,443449
10/03/2015 00:00:00,32.4900,32.4900,31.9700,32.0250,474230
09/03/2015 00:00:00,32.4600,32.5700,32.2650,32.5200,332210
06/03/2015 00:00:00,32.4550,32.9000,32.3850,32.5900,531396
05/03/2015 00:00:00,32.4500,32.4850,32.3100,32.3650,449946
04/03/2015 00:00:00,32.1000,32.4800,32.0300,32.2600,448953
03/03/2015 00:00:00,32.0150,32.2200,31.9150,32.0150,562089
02/03/2015 00:00:00,32.1900,32.4850,31.8650,31.9700,550017
27/02/2015 00:00:00,31.9300,32.2900,31.8450,32.1950,466773
26/02/2015 00:00:00,32.0050,32.1450,31.8100,31.9700,304479
25/02/2015 00:00:00,31.9550,32.1500,31.7700,31.9850,421786
24/02/2015 00:00:00,31.9000,31.9950,31.6500,31.8800,259644
23/02/2015 00:00:00,31.9000,31.9800,31.5700,31.8250,311678
20/02/2015 00:00:00,31.6000,31.8750,31.5000,31.6500,481819
19/02/2015 00:00:00,31.8550,31.9050,31.5800,31.7450,419882
18/02/2015 00:00:00,31.8950,32.1600,31.7800,31.8500,443823
17/02/2015 00:00:00,31.7450,31.8450,31.4350,31.7850,409851
16/02/2015 00:00:00,31.9850,32.0100,31.6950,31.8050,342098
13/02/2015 00:00:00,31.9200,32.2900,31.9000,31.9800,637587
12/02/2015 00:00:00,31.4000,31.9000,31.2000,31.8050,651045
11/02/2015 00:00:00,31.5900,31.6750,31.0100,31.2000,622990
10/02/2015 00:00:00,31.1450,31.6550,31.1100,31.4800,432918
09/02/2015 00:00:00,31.1950,31.2950,30.9400,31.1100,362434
06/02/2015 00:00:00,31.1900,31.3900,31.0100,31.2100,516305
05/02/2015 00:00:00,30.6950,31.2000,30.6450,31.0750,325299
04/02/2015 00:00:00,31.2050,31.3400,30.7650,31.0100,559857
03/02/2015 00:00:00,30.4350,31.2500,30.4350,31.2050,745864
02/02/2015 00:00:00,30.3000,30.4500,30.1150,30.3850,559645
30/01/2015 00:00:00,30.5550,30.7650,30.3200,30.3300,585147
29/01/2015 00:00:00,30.2450,30.6450,30.1650,30.4850,516641
28/01/2015 00:00:00,30.6850,30.8450,30.2800,30.4950,448953
27/01/2015 00:00:00,30.6500,30.7450,30.4100,30.6750,315448
26/01/2015 00:00:00,30.3150,30.7000,30.1500,30.6700,422770
23/01/2015 00:00:00,30.4050,30.6750,30.3750,30.5500,533663
22/01/2015 00:00:00,29.8850,30.3500,29.8650,30.3300,697567
21/01/2015 00:00:00,29.9400,29.9700,29.6000,29.9200,353723
20/01/2015 00:00:00,29.8000,29.9700,29.7350,29.9700,545507
19/01/2015 00:00:00,29.3200,29.8800,29.3000,29.7450,393140
16/01/2015 00:00:00,29.0000,29.4900,28.9000,29.2850,673874
15/01/2015 00:00:00,28.9450,29.1000,28.1400,29.0350,684955
14/01/2015 00:00:00,28.9200,29.1500,28.6000,28.8000,426657
13/01/2015 00:00:00,28.8000,29.1500,28.6700,29.0300,613063
12/01/2015 00:00:00,29.1150,29.2400,28.6000,28.8850,394417
09/01/2015 00:00:00,29.2800,29.5000,28.8250,29.0400,487798
08/01/2015 00:00:00,29.2550,29.4400,29.0400,29.3550,602359
07/01/2015 00:00:00,28.9450,29.1800,28.7700,29.0000,499324
06/01/2015 00:00:00,28.9450,29.2600,28.7500,28.8000,440753
05/01/2015 00:00:00,29.5050,29.7500,28.8950,28.9950,437537
02/01/2015 00:00:00,29.7000,29.7500,29.4150,29.6000,217198
01/01/2015 00:00:00,29.6000,29.7500,29.4700,29.5050,111115
31/12/2014 00:00:00,29.6000,29.7500,29.4700,29.5050,111115
30/12/2014 00:00:00,29.6000,29.8500,29.4000,29.6250,206615
29/12/2014 00:00:00,29.5900,29.7900,29.4000,29.7450,264121
24/12/2014 00:00:00,29.6950,29.8300,29.5700,29.6500,74261
23/12/2014 00:00:00,29.2000,29.8300,29.1800,29.8300,483032
22/12/2014 00:00:00,29.4500,29.5700,29.1700,29.2550,376034
19/12/2014 00:00:00,29.1200,29.5000,28.8750,29.4000,723051
18/12/2014 00:00:00,28.6900,29.1200,28.6500,28.9550,663410
17/12/2014 00:00:00,28.3000,28.5700,28.0900,28.4900,476658
16/12/2014 00:00:00,27.6950,28.4850,27.4000,28.4050,873637
15/12/2014 00:00:00,27.9850,28.5550,27.5750,27.6750,501171
12/12/2014 00:00:00,28.5000,28.5800,27.8750,27.9300,437282
11/12/2014 00:00:00,28.4800,28.8800,28.3700,28.6800,435043
10/12/2014 00:00:00,28.4750,28.7850,28.3350,28.5050,310937
09/12/2014 00:00:00,28.9000,29.0800,28.4800,28.4850,527838
08/12/2014 00:00:00,28.9500,29.0750,28.8900,28.9650,177721
05/12/2014 00:00:00,28.9500,29.0600,28.8300,29.0450,311664
04/12/2014 00:00:00,28.7150,29.1900,28.5800,28.6800,436265
03/12/2014 00:00:00,28.8400,29.0000,28.8100,28.9700,302875
02/12/2014 00:00:00,28.7700,28.8000,28.5400,28.7500,263717
01/12/2014 00:00:00,28.5700,28.7550,28.4800,28.7550,320023
28/11/2014 00:00:00,28.8700,28.9150,28.6150,28.7600,340783
27/11/2014 00:00:00,28.6500,28.9500,28.6200,28.8450,240416
26/11/2014 00:00:00,28.7100,28.7900,28.5000,28.7100,255496
25/11/2014 00:00:00,28.5000,28.7200,28.4500,28.6700,598268
24/11/2014 00:00:00,28.6250,28.7500,28.4000,28.5050,287122
21/11/2014 00:00:00,28.0800,28.7300,28.0550,28.6200,509604
20/11/2014 00:00:00,28.0400,28.1450,27.9050,28.0200,322700
19/11/2014 00:00:00,27.9300,28.1000,27.8100,28.0450,340679
18/11/2014 00:00:00,27.4600,27.9900,27.4600,27.9150,360009
17/11/2014 00:00:00,27.3250,27.6400,27.2100,27.5350,219669
14/11/2014 00:00:00,27.4050,27.5600,27.2250,27.4650,256532
13/11/2014 00:00:00,27.3800,27.5700,27.0700,27.3050,345111
12/11/2014 00:00:00,27.3200,27.4450,27.0750,27.1700,351798
11/11/2014 00:00:00,27.6750,27.7200,27.2750,27.3900,520329
10/11/2014 00:00:00,27.4450,27.7300,27.3850,27.6200,381822
07/11/2014 00:00:00,27.9750,28.2650,27.3800,27.5650,503082
06/11/2014 00:00:00,27.7250,28.1200,27.3950,27.8350,806396
05/11/2014 00:00:00,27.2000,27.9500,26.8500,27.7650,1117612
04/11/2014 00:00:00,26.3700,26.5200,26.2500,26.3950,308798
03/11/2014 00:00:00,26.6200,26.6750,26.2700,26.4450,280594
31/10/2014 00:00:00,26.4550,26.6450,26.0700,26.6450,533972
30/10/2014 00:00:00,26.3350,26.4900,25.8450,26.2300,481115
29/10/2014 00:00:00,26.4450,26.6500,26.2250,26.3550,333097
28/10/2014 00:00:00,26.1200,26.4200,26.0500,26.3200,371175
27/10/2014 00:00:00,26.3000,26.3800,25.6450,25.9150,317946
24/10/2014 00:00:00,25.8600,26.1500,25.8600,26.0500,431339
23/10/2014 00:00:00,25.7050,25.9550,25.3150,25.8600,387918
22/10/2014 00:00:00,25.4400,25.7100,25.2850,25.7100,464118
21/10/2014 00:00:00,24.7550,25.3700,24.7100,25.3100,436332
20/10/2014 00:00:00,25.1600,25.1600,24.6700,24.9350,554258
17/10/2014 00:00:00,24.4000,25.2250,24.1050,25.1650,793512
16/10/2014 00:00:00,25.1000,25.1750,23.7150,24.3000,1210388
15/10/2014 00:00:00,25.8000,25.9400,25.0300,25.0700,621198
14/10/2014 00:00:00,25.7500,26.0800,25.6500,25.8200,662423
13/10/2014 00:00:00,25.4850,25.9950,25.3200,25.8550,490691
10/10/2014 00:00:00,25.5650,25.7500,25.2000,25.5450,582946
09/10/2014 00:00:00,25.7500,25.8150,25.4950,25.7850,472450
08/10/2014 00:00:00,25.6500,25.7000,25.5000,25.5700,355588
07/10/2014 00:00:00,25.9500,25.9700,25.7250,25.8000,446861
06/10/2014 00:00:00,25.9300,26.0400,25.7700,25.9750,456431
03/10/2014 00:00:00,26.0100,26.1000,25.8150,25.9250,265826
02/10/2014 00:00:00,26.1800,26.1950,25.8650,25.8650,534269
01/10/2014 00:00:00,26.2400,26.4000,26.2000,26.2000,311362
30/09/2014 00:00:00,26.1550,26.4550,26.1550,26.2850,467300
29/09/2014 00:00:00,26.3350,26.4700,26.0900,26.1800,432669
26/09/2014 00:00:00,25.8850,26.3650,25.8050,26.2550,618865
25/09/2014 00:00:00,26.0000,26.0950,25.7750,25.8600,389200
24/09/2014 00:00:00,25.6000,25.9900,25.5350,25.9650,577665
23/09/2014 00:00:00,25.7450,26.0050,25.5300,25.5450,575684
22/09/2014 00:00:00,25.4300,25.5850,25.3850,25.5000,399472
19/09/2014 00:00:00,25.5000,25.5850,25.3650,25.4950,870683
18/09/2014 00:00:00,25.1100,25.4300,25.0900,25.4100,544800
17/09/2014 00:00:00,24.7850,25.0500,24.7400,25.0350,519232
16/09/2014 00:00:00,24.7500,24.8000,24.4850,24.6150,413301
15/09/2014 00:00:00,24.9350,24.9400,24.6650,24.7250,395262
12/09/2014 00:00:00,25.0500,25.1350,24.8650,24.9400,293928
11/09/2014 00:00:00,25.4000,25.4450,24.9450,25.0300,494589
10/09/2014 00:00:00,25.6400,25.6500,25.2700,25.3500,592513
09/09/2014 00:00:00,25.9200,25.9500,25.5850,25.6500,555111
08/09/2014 00:00:00,26.3050,26.3450,25.9000,26.0600,462436
05/09/2014 00:00:00,26.4250,26.5850,26.2350,26.3150,506239
04/09/2014 00:00:00,25.8650,26.4800,25.8650,26.3750,534569
03/09/2014 00:00:00,25.8000,26.1100,25.7400,25.8400,497904
02/09/2014 00:00:00,25.4400,25.7600,25.4200,25.7350,428178
01/09/2014 00:00:00,25.5200,25.6700,25.4200,25.4700,258561
29/08/2014 00:00:00,25.5150,25.6750,25.3800,25.5450,657186
28/08/2014 00:00:00,25.7500,25.8000,25.4250,25.4350,555428
27/08/2014 00:00:00,25.6000,25.7950,25.5500,25.7600,367128
26/08/2014 00:00:00,25.5550,25.5800,25.4400,25.5800,450184
25/08/2014 00:00:00,25.7100,25.7200,25.4050,25.5450,255526
22/08/2014 00:00:00,25.5900,25.6850,25.4350,25.5350,268159
21/08/2014 00:00:00,25.4900,25.5800,25.4200,25.5100,404274
20/08/2014 00:00:00,25.6750,25.7850,25.4100,25.4900,497420
19/08/2014 00:00:00,25.8650,25.8850,25.7500,25.8000,322207
18/08/2014 00:00:00,25.6350,25.7700,25.5250,25.7400,411663
15/08/2014 00:00:00,25.7050,25.7250,25.4300,25.4850,312111
14/08/2014 00:00:00,25.7100,25.7850,25.3950,25.6200,524168
13/08/2014 00:00:00,26.1900,26.2000,25.6500,25.6500,756800
12/08/2014 00:00:00,26.2500,26.3350,26.0700,26.1600,338496
11/08/2014 00:00:00,26.3000,26.4950,26.2050,26.2450,456296
08/08/2014 00:00:00,26.1800,26.2300,25.8000,26.1400,547652
07/08/2014 00:00:00,26.8050,26.8050,26.0100,26.3900,1006633
06/08/2014 00:00:00,26.7000,27.2000,26.1900,26.6350,1366551
05/08/2014 00:00:00,26.0000,26.3450,25.7600,25.8500,680384
04/08/2014 00:00:00,26.2950,26.3000,25.5900,25.8900,856017
01/08/2014 00:00:00,26.8500,26.8950,26.1700,26.2550,1058422
31/07/2014 00:00:00,25.9900,26.9200,25.2550,26.8550,3179298
30/07/2014 00:00:00,27.1000,27.3000,25.0100,25.0850,4321992
29/07/2014 00:00:00,30.0900,30.2650,24.5000,27.7950,3777142
28/07/2014 00:00:00,30.1650,30.2500,29.8550,30.0750,258463
25/07/2014 00:00:00,30.0500,30.4200,30.0000,30.0900,361276
24/07/2014 00:00:00,30.0850,30.2450,29.9350,30.0800,303803
23/07/2014 00:00:00,29.8900,30.0700,29.8250,30.0500,288632
22/07/2014 00:00:00,29.6500,29.9500,29.6050,29.8350,261105
21/07/2014 00:00:00,29.7950,29.7950,29.5100,29.5550,306360
18/07/2014 00:00:00,29.4550,29.6800,29.3800,29.6000,288975
17/07/2014 00:00:00,29.5800,29.7450,29.3850,29.5600,291379
16/07/2014 00:00:00,29.1500,29.7000,29.1150,29.5950,446073
15/07/2014 00:00:00,29.3400,29.4800,29.1000,29.1450,344893
14/07/2014 00:00:00,29.0900,29.3300,29.0550,29.2900,305410
11/07/2014 00:00:00,29.1450,29.1950,28.8100,28.9900,445231
10/07/2014 00:00:00,29.5500,29.5500,28.8350,29.1150,382823
09/07/2014 00:00:00,29.5200,29.6150,29.1400,29.4450,374591
08/07/2014 00:00:00,29.9900,29.9950,29.4250,29.5300,503929
07/07/2014 00:00:00,30.0950,30.1000,29.6900,29.8400,404613
04/07/2014 00:00:00,29.7100,30.2600,29.6850,30.0100,614217
03/07/2014 00:00:00,29.2600,29.6600,29.1750,29.6050,478802
02/07/2014 00:00:00,29.1500,29.3300,28.9800,29.1400,487931
01/07/2014 00:00:00,29.2100,29.2850,28.9150,29.1400,522770
30/06/2014 00:00:00,29.4900,29.4950,29.0550,29.1350,720362
27/06/2014 00:00:00,29.2500,29.5300,29.0550,29.3750,614858
26/06/2014 00:00:00,28.8200,29.1450,28.7200,29.1450,563539
25/06/2014 00:00:00,29.4000,29.4050,28.3600,28.7100,968996
24/06/2014 00:00:00,29.6900,29.7800,29.4600,29.5000,383263
23/06/2014 00:00:00,29.8700,29.9000,29.6100,29.6600,285531
20/06/2014 00:00:00,30.0650,30.1100,29.6650,29.8300,591386
19/06/2014 00:00:00,30.2000,30.2600,29.9600,30.0650,275897
18/06/2014 00:00:00,29.9400,30.1050,29.8600,29.9900,333975
17/06/2014 00:00:00,29.7000,29.8950,29.5650,29.8900,533724
16/06/2014 00:00:00,29.8150,29.8800,29.5100,29.6400,424800
13/06/2014 00:00:00,30.0550,30.1900,29.6000,29.8150,492365
12/06/2014 00:00:00,30.4000,30.4000,29.9750,29.9750,386909
11/06/2014 00:00:00,30.2700,30.4600,30.1600,30.2900,353602
10/06/2014 00:00:00,30.6100,30.6500,30.2150,30.3750,384844
09/06/2014 00:00:00,30.6850,30.7700,30.5550,30.6250,181528
06/06/2014 00:00:00,30.6450,30.7500,30.4800,30.6200,332660
05/06/2014 00:00:00,30.5100,30.9050,30.4500,30.4950,408608
04/06/2014 00:00:00,30.5800,30.8700,30.4000,30.4650,335285
03/06/2014 00:00:00,30.9500,31.1450,30.5800,30.6250,346582
02/06/2014 00:00:00,30.9650,31.2800,30.8150,30.9150,429122
30/05/2014 00:00:00,30.7500,30.9450,30.7150,30.8400,625435
29/05/2014 00:00:00,30.9500,30.9950,30.7700,30.8150,202711
28/05/2014 00:00:00,30.8900,30.9950,30.7000,30.9250,399034
27/05/2014 00:00:00,30.4050,30.8750,30.3500,30.8100,478075
26/05/2014 00:00:00,30.1000,30.4250,30.0100,30.2850,271819
23/05/2014 00:00:00,30.0850,30.1750,29.9250,30.0800,252502
22/05/2014 00:00:00,30.1800,30.1950,29.8000,30.0100,245483
21/05/2014 00:00:00,30.0300,30.1000,29.6800,30.0700,406026
20/05/2014 00:00:00,29.7500,30.2900,29.7500,29.9900,419581
19/05/2014 00:00:00,29.7850,30.0300,29.5100,29.6850,561972
16/05/2014 00:00:00,30.3000,30.4350,29.5900,29.6600,745690
15/05/2014 00:00:00,31.4000,31.4000,30.3050,30.4250,774699
14/05/2014 00:00:00,29.8000,31.4700,29.7600,31.2650,1009293
13/05/2014 00:00:00,30.5400,30.7050,30.0500,30.0700,605216
12/05/2014 00:00:00,30.7000,30.7950,30.4550,30.5600,347640
09/05/2014 00:00:00,30.6900,30.7800,30.4850,30.5500,398542
08/05/2014 00:00:00,30.6700,30.9050,30.5600,30.6950,461752
07/05/2014 00:00:00,30.1700,30.7350,30.1250,30.6750,445588
06/05/2014 00:00:00,29.8650,30.4600,29.8500,30.1350,485488
05/05/2014 00:00:00,29.9000,30.1400,29.5400,29.6750,698297
02/05/2014 00:00:00,31.0000,31.2700,30.8500,31.1300,587674
30/04/2014 00:00:00,31.4100,31.4100,30.8550,30.9850,657584
29/04/2014 00:00:00,31.1650,31.4800,31.1600,31.4650,371157
28/04/2014 00:00:00,31.5000,31.5600,30.9050,31.0650,354854
25/04/2014 00:00:00,31.2800,31.5350,31.1600,31.4250,465893
24/04/2014 00:00:00,31.3800,31.6050,31.2200,31.3100,456237
23/04/2014 00:00:00,31.0000,31.3850,30.9600,31.3050,341199
22/04/2014 00:00:00,30.8900,30.9100,30.6100,30.9000,626399
17/04/2014 00:00:00,30.8500,30.9000,30.5000,30.7000,511097
16/04/2014 00:00:00,30.7400,30.9600,30.7000,30.8350,376204
15/04/2014 00:00:00,30.9200,31.1900,30.6150,30.6150,522759
14/04/2014 00:00:00,31.1950,31.2400,30.5700,30.8950,506178
11/04/2014 00:00:00,31.4000,31.5000,31.0200,31.1800,504898
10/04/2014 00:00:00,31.7550,32.0450,31.5200,31.6000,389171
09/04/2014 00:00:00,31.7750,31.8250,31.5000,31.6750,562210
08/04/2014 00:00:00,32.3250,32.3900,31.6950,31.8450,533312
07/04/2014 00:00:00,32.5000,32.5500,32.2200,32.3900,353414
04/04/2014 00:00:00,32.6550,32.7000,32.5000,32.6000,298682
03/04/2014 00:00:00,32.7100,32.8500,32.5450,32.6350,292949
02/04/2014 00:00:00,32.7000,32.7350,32.5050,32.7100,288153
01/04/2014 00:00:00,32.4500,32.6900,32.3100,32.6100,388256
31/03/2014 00:00:00,32.4000,32.5800,32.2700,32.3450,481021
28/03/2014 00:00:00,32.2800,32.3250,31.9250,32.1800,319003
27/03/2014 00:00:00,32.3950,32.3950,31.9750,32.2600,330017
26/03/2014 00:00:00,31.6600,32.4250,31.6200,32.3950,578298
25/03/2014 00:00:00,31.3500,31.7800,31.3500,31.5850,262467
24/03/2014 00:00:00,31.5800,31.7750,31.2250,31.2650,474263
21/03/2014 00:00:00,31.3600,31.7500,31.3500,31.5650,593542
20/03/2014 00:00:00,31.4950,31.6250,31.1550,31.2450,534270
19/03/2014 00:00:00,31.7600,31.9000,31.4200,31.5550,415658
18/03/2014 00:00:00,31.5900,31.7950,31.4050,31.6300,343766
17/03/2014 00:00:00,31.2700,31.6800,31.2700,31.5650,287427
14/03/2014 00:00:00,31.6600,31.8000,31.0000,31.3400,671762
13/03/2014 00:00:00,32.1150,32.4950,31.8000,31.8000,403129
12/03/2014 00:00:00,32.3200,32.5250,31.9900,32.0800,426316
11/03/2014 00:00:00,32.6100,32.7200,32.4300,32.4500,303172
10/03/2014 00:00:00,32.6350,32.9700,32.6150,32.6850,249859
07/03/2014 00:00:00,32.9600,32.9800,32.5250,32.8000,563076
06/03/2014 00:00:00,33.0200,33.2950,32.8950,33.0300,286495
05/03/2014 00:00:00,33.1000,33.1450,32.7000,32.9550,435740
04/03/2014 00:00:00,32.7200,33.4500,32.7200,33.1550,662977
03/03/2014 00:00:00,32.7450,32.7900,32.3000,32.6900,648266
28/02/2014 00:00:00,32.8450,33.3000,32.7900,33.2450,574066
27/02/2014 00:00:00,32.8000,32.8550,32.4100,32.7600,432746
26/02/2014 00:00:00,32.8000,32.9300,32.6850,32.7900,450137
25/02/2014 00:00:00,32.3800,32.9150,32.1400,32.7850,644579
24/02/2014 00:00:00,31.9850,32.3900,31.8500,32.3900,371353
21/02/2014 00:00:00,31.9950,32.0850,31.6850,31.9900,463666
20/02/2014 00:00:00,32.2000,32.2050,31.3700,31.8550,703979
19/02/2014 00:00:00,32.1200,32.6500,32.0300,32.1500,661907
18/02/2014 00:00:00,32.0600,32.1000,31.7900,32.0250,314360
17/02/2014 00:00:00,32.0000,32.1850,31.9100,32.0450,254009
14/02/2014 00:00:00,32.0100,32.2400,31.7050,31.9700,375314
13/02/2014 00:00:00,32.2400,32.2400,31.6850,32.0650,422628
12/02/2014 00:00:00,31.9950,32.3000,31.9500,32.2350,530274
11/02/2014 00:00:00,31.7500,31.9750,31.6200,31.9400,453469
10/02/2014 00:00:00,31.6750,31.8700,31.4650,31.6550,364866
07/02/2014 00:00:00,31.5350,31.7000,31.3400,31.6500,380649
06/02/2014 00:00:00,30.9500,31.5200,30.9500,31.4150,434875
05/02/2014 00:00:00,31.2600,31.5050,30.8550,30.8900,394347
04/02/2014 00:00:00,31.0650,31.4000,30.8150,31.2600,423402
03/02/2014 00:00:00,31.8400,31.9950,31.2500,31.2950,396826
31/01/2014 00:00:00,32.1650,32.1650,31.3150,31.8750,471009
30/01/2014 00:00:00,31.7400,32.2700,31.5950,32.2000,285938
29/01/2014 00:00:00,32.3700,32.7000,31.5000,31.8000,570307
28/01/2014 00:00:00,31.6900,32.2400,31.6400,32.1300,543161
27/01/2014 00:00:00,31.5000,31.7400,31.2250,31.5950,521278
24/01/2014 00:00:00,32.0300,32.1250,31.5100,31.6050,594464
23/01/2014 00:00:00,32.2300,32.5150,31.9000,32.0550,435267
22/01/2014 00:00:00,32.6000,32.6900,32.2600,32.3850,372416
21/01/2014 00:00:00,32.5100,32.6850,32.4500,32.5700,240854
20/01/2014 00:00:00,32.8400,32.8500,32.4250,32.4900,244770
17/01/2014 00:00:00,32.4050,32.8850,32.2000,32.8450,528145
16/01/2014 00:00:00,32.5600,32.6000,32.2200,32.4950,513619
15/01/2014 00:00:00,32.7550,32.7700,32.4050,32.5100,682753
14/01/2014 00:00:00,32.6350,32.7100,32.5100,32.6050,457871
13/01/2014 00:00:00,32.9800,33.1500,32.7700,32.7800,469922
10/01/2014 00:00:00,32.7700,33.0500,32.6900,32.7400,588338
09/01/2014 00:00:00,32.0000,32.7500,31.9700,32.6500,880115
08/01/2014 00:00:00,31.6000,32.0000,31.5750,31.9800,714440
07/01/2014 00:00:00,30.9000,31.7700,30.8650,31.6000,650455
06/01/2014 00:00:00,30.7250,31.0000,30.6000,30.8500,427105
03/01/2014 00:00:00,30.7900,30.8200,30.3700,30.6000,339951
02/01/2014 00:00:00,31.0000,31.0350,30.6500,30.8150,291825
31/12/2013 00:00:00,31.0650,31.1450,30.9150,30.9500,112124
30/12/2013 00:00:00,31.1100,31.1950,31.0000,31.0550,252294
27/12/2013 00:00:00,31.0600,31.1700,30.9050,31.1300,299585
24/12/2013 00:00:00,30.8450,31.0700,30.7750,31.0050,171799
23/12/2013 00:00:00,30.6000,30.9500,30.5950,30.7550,375142
20/12/2013 00:00:00,30.3500,30.7500,30.3300,30.5950,715359
19/12/2013 00:00:00,29.8500,30.3950,29.8250,30.2700,412208
18/12/2013 00:00:00,29.5000,29.6700,29.4000,29.5550,411534
17/12/2013 00:00:00,29.4500,29.5350,29.3600,29.3750,359900
16/12/2013 00:00:00,29.2950,29.5350,29.2000,29.4500,545545
13/12/2013 00:00:00,29.2550,29.4800,29.2400,29.2450,435813
12/12/2013 00:00:00,29.5150,29.6100,29.1600,29.2550,448633
11/12/2013 00:00:00,29.4100,29.7900,29.3450,29.5050,473206
10/12/2013 00:00:00,29.3750,29.7350,29.3100,29.4050,553945
09/12/2013 00:00:00,29.9500,30.2100,29.5550,30.0550,628903
06/12/2013 00:00:00,30.0650,30.1200,29.4500,29.7800,598250
05/12/2013 00:00:00,30.0500,30.1000,29.7650,29.9200,537220
04/12/2013 00:00:00,30.1000,30.2900,29.7500,30.1200,517789
03/12/2013 00:00:00,30.6200,30.7000,29.9600,30.0350,719488
02/12/2013 00:00:00,31.0500,31.1050,30.6500,30.7100,505990
29/11/2013 00:00:00,31.1400,31.2450,31.0050,31.0500,390453
28/11/2013 00:00:00,31.1950,31.3300,31.1200,31.1800,270391
27/11/2013 00:00:00,30.9000,31.1750,30.9000,31.1050,319329
26/11/2013 00:00:00,30.6200,30.9900,30.6200,30.8350,854950
25/11/2013 00:00:00,31.0000,31.0000,30.5150,30.5850,538095
22/11/2013 00:00:00,31.1100,31.1800,30.8600,30.8700,342528
21/11/2013 00:00:00,30.7200,31.1800,30.7100,31.0250,434827
20/11/2013 00:00:00,31.0300,31.0500,30.7200,30.7850,511665
19/11/2013 00:00:00,30.8600,31.2550,30.8500,31.0400,546573
18/11/2013 00:00:00,31.2550,31.2850,30.8300,30.9050,492164
15/11/2013 00:00:00,31.2500,31.4800,31.2000,31.3300,406702
14/11/2013 00:00:00,31.3100,31.4500,31.0650,31.2500,378698
13/11/2013 00:00:00,31.4350,31.5450,30.9150,31.1300,327054
12/11/2013 00:00:00,31.2900,31.6900,31.2700,31.5750,367554
11/11/2013 00:00:00,31.2050,31.3400,30.9000,31.3300,285760
08/11/2013 00:00:00,31.1500,31.3000,30.7650,31.1700,483950
07/11/2013 00:00:00,31.4950,31.6950,31.1600,31.3000,641606
06/11/2013 00:00:00,31.1600,31.6000,31.1550,31.2850,439889
05/11/2013 00:00:00,31.3550,31.5700,31.1100,31.1600,478248
04/11/2013 00:00:00,31.2200,31.3850,31.1150,31.3550,357188
01/11/2013 00:00:00,31.4000,31.4000,31.1200,31.1600,206513
31/10/2013 00:00:00,31.1550,31.4400,31.1100,31.3450,509900
30/10/2013 00:00:00,31.5500,31.6600,31.0550,31.1250,432758
29/10/2013 00:00:00,31.1500,31.6000,30.9500,31.5450,460052
28/10/2013 00:00:00,31.5000,31.5600,31.1200,31.1600,406806
25/10/2013 00:00:00,31.5000,31.5950,31.2000,31.4850,366771
24/10/2013 00:00:00,31.7200,31.8000,31.5050,31.6350,407408
23/10/2013 00:00:00,32.0000,32.0050,31.5200,31.7400,506101
22/10/2013 00:00:00,32.1650,32.2350,32.0050,32.0050,345192
21/10/2013 00:00:00,32.2100,32.2850,32.0250,32.0900,270756
18/10/2013 00:00:00,32.0050,32.4300,31.9650,32.1800,949349
17/10/2013 00:00:00,32.1500,32.1500,31.8150,31.9050,588356
16/10/2013 00:00:00,31.7150,32.1000,31.7050,31.8800,889906
15/10/2013 00:00:00,31.2450,31.8000,31.1150,31.7900,794796
14/10/2013 00:00:00,31.1250,31.2200,30.8300,31.1050,384384
11/10/2013 00:00:00,31.4550,31.5000,31.1300,31.3450,358637
10/10/2013 00:00:00,30.5650,31.5000,30.5650,31.4000,614858
09/10/2013 00:00:00,30.2400,30.5450,30.2400,30.3600,439914
08/10/2013 00:00:00,30.5300,30.6500,30.2600,30.3100,292687
07/10/2013 00:00:00,30.5400,30.6300,30.3000,30.5250,225931
04/10/2013 00:00:00,30.6000,30.8200,30.3250,30.6750,304852
03/10/2013 00:00:00,30.9200,30.9450,30.6100,30.7250,325226
02/10/2013 00:00:00,30.4400,30.8500,30.3800,30.7500,331559
01/10/2013 00:00:00,30.1000,30.6300,30.0000,30.5750,396178
30/09/2013 00:00:00,30.1000,30.1800,29.8000,29.9400,686234
27/09/2013 00:00:00,30.3500,30.5800,30.0400,30.5000,299778
26/09/2013 00:00:00,30.4000,30.6200,30.1600,30.2550,533036
25/09/2013 00:00:00,30.3950,30.5000,30.1400,30.4000,460083
24/09/2013 00:00:00,30.2700,30.6950,30.2700,30.3950,734648
23/09/2013 00:00:00,30.6200,30.7450,30.0300,30.2700,615912
20/09/2013 00:00:00,30.7900,31.1950,30.6000,30.7200,789639
19/09/2013 00:00:00,31.6000,31.7000,30.7450,30.9050,665207
18/09/2013 00:00:00,31.0000,31.5650,30.9950,31.4250,454770
17/09/2013 00:00:00,31.4700,31.4800,30.9000,30.9700,350711
16/09/2013 00:00:00,31.3950,31.6000,31.1750,31.3600,391990
13/09/2013 00:00:00,30.9300,31.1450,30.8700,31.0750,307993
12/09/2013 00:00:00,31.6000,31.7600,30.9600,31.1000,513500
11/09/2013 00:00:00,31.5700,31.7750,31.4600,31.6050,279634
10/09/2013 00:00:00,31.3400,31.9400,31.3400,31.6000,654468
09/09/2013 00:00:00,30.7450,31.1800,30.6900,31.1150,301729
06/09/2013 00:00:00,30.8600,31.0500,30.4200,30.8800,425567
05/09/2013 00:00:00,30.7950,31.1900,30.5550,31.0150,448214
04/09/2013 00:00:00,30.4850,30.5950,29.8650,30.5700,489777
03/09/2013 00:00:00,30.4900,30.6350,30.0050,30.3600,302791
02/09/2013 00:00:00,30.1850,30.7350,30.1100,30.4150,416459
30/08/2013 00:00:00,30.6700,30.6900,29.7350,29.7800,649664
29/08/2013 00:00:00,30.4050,30.8650,30.4050,30.6650,242426
28/08/2013 00:00:00,30.2500,30.5000,29.9200,30.3400,567118
27/08/2013 00:00:00,31.6100,31.8950,30.5200,30.5550,649142
26/08/2013 00:00:00,31.9500,31.9500,31.5100,31.7500,179938
23/08/2013 00:00:00,31.8000,31.9500,31.6550,31.9050,269892
22/08/2013 00:00:00,31.2350,31.9350,31.2350,31.7400,375939
21/08/2013 00:00:00,31.6300,31.9000,31.1200,31.1500,444854
20/08/2013 00:00:00,31.5700,31.9100,31.3600,31.7100,730014
19/08/2013 00:00:00,31.8250,31.9400,31.6000,31.7900,371130
16/08/2013 00:00:00,31.6200,31.9300,31.5700,31.8700,432080
15/08/2013 00:00:00,31.6900,31.7200,31.4750,31.7150,541876
14/08/2013 00:00:00,31.5600,31.7200,31.4500,31.7000,410417
13/08/2013 00:00:00,31.1000,31.5000,31.0950,31.4150,442536
12/08/2013 00:00:00,31.2550,31.5950,30.9000,31.0050,416155
09/08/2013 00:00:00,31.2050,31.4200,31.1550,31.2150,292354
08/08/2013 00:00:00,31.1000,31.4000,31.0600,31.2300,495535
07/08/2013 00:00:00,30.9250,31.2950,30.8950,31.0000,386325
06/08/2013 00:00:00,31.7000,31.7000,30.9400,31.1550,634072
05/08/2013 00:00:00,31.8950,32.1200,31.5550,31.6400,609843
02/08/2013 00:00:00,30.6000,32.0000,30.6000,31.6950,1428370
01/08/2013 00:00:00,30.0500,30.5000,30.0500,30.3500,573790
31/07/2013 00:00:00,29.8000,30.1300,29.8000,30.0950,611075
30/07/2013 00:00:00,29.8000,30.0000,29.7550,29.8900,551087
29/07/2013 00:00:00,29.7550,29.9900,29.7050,29.8500,284773
26/07/2013 00:00:00,29.7700,29.9800,29.6100,29.8050,548026
25/07/2013 00:00:00,29.9550,29.9750,29.6150,29.8750,279015
24/07/2013 00:00:00,29.4000,29.9700,29.4000,29.8650,424268
23/07/2013 00:00:00,29.6650,29.8900,29.4100,29.4250,351971
22/07/2013 00:00:00,29.4700,29.8050,29.4700,29.7000,343579
19/07/2013 00:00:00,29.5100,29.7400,29.4000,29.6100,442756
18/07/2013 00:00:00,28.9200,29.7000,28.9050,29.7000,716264
17/07/2013 00:00:00,28.7600,29.1600,28.7100,29.0950,462191
16/07/2013 00:00:00,28.8500,29.0300,28.6700,28.8000,392733
15/07/2013 00:00:00,28.4750,28.9650,28.4650,28.9200,378844
12/07/2013 00:00:00,28.6200,28.8500,28.4900,28.5500,301635
11/07/2013 00:00:00,28.3000,28.7400,28.2750,28.5650,626962
10/07/2013 00:00:00,27.7950,28.1950,27.6100,28.1650,430702
09/07/2013 00:00:00,27.7500,28.1450,27.7500,27.9000,400684
08/07/2013 00:00:00,27.3650,27.8900,27.3550,27.7400,350246
05/07/2013 00:00:00,27.3700,27.6950,27.1850,27.1850,291009
04/07/2013 00:00:00,27.2300,27.6400,27.1450,27.3650,413637
03/07/2013 00:00:00,26.8250,27.2150,26.4100,27.1750,477879
02/07/2013 00:00:00,27.5000,27.5900,26.7250,27.0150,469090
01/07/2013 00:00:00,26.9800,27.7500,26.9300,27.5700,390544
28/06/2013 00:00:00,27.5150,27.7550,26.9500,26.9750,610419
27/06/2013 00:00:00,27.0850,27.6500,26.8500,27.4800,632151
26/06/2013 00:00:00,26.8000,27.2650,26.6100,27.0400,481040
25/06/2013 00:00:00,26.6450,27.1400,26.1250,26.7350,673606
24/06/2013 00:00:00,26.7500,27.0800,26.2500,26.5350,667949
21/06/2013 00:00:00,27.9450,28.1500,26.8700,26.8700,1279956
20/06/2013 00:00:00,28.4100,28.5850,27.7050,27.9050,901371
19/06/2013 00:00:00,28.7000,29.0250,28.5350,28.9200,675940
18/06/2013 00:00:00,28.1950,28.8050,28.1300,28.8050,702176
17/06/2013 00:00:00,27.9150,28.4900,27.9050,28.3000,537580
14/06/2013 00:00:00,28.0650,28.4100,27.9650,27.9850,366191
13/06/2013 00:00:00,27.5000,28.2400,27.1550,27.9950,614357
12/06/2013 00:00:00,27.7450,28.2600,27.6900,27.8600,433184
11/06/2013 00:00:00,28.3300,28.4000,27.5150,27.9300,813197
10/06/2013 00:00:00,28.3850,28.7350,28.3000,28.5200,448416
07/06/2013 00:00:00,27.7500,28.6450,27.6100,28.4850,944345
06/06/2013 00:00:00,28.2100,28.4300,27.6500,27.7100,990855
05/06/2013 00:00:00,28.6000,29.0100,28.3250,28.4000,545495
04/06/2013 00:00:00,28.8450,29.0800,28.7900,28.9000,466546
03/06/2013 00:00:00,28.2500,29.0300,28.1200,28.7250,869144
31/05/2013 00:00:00,28.7450,28.8000,28.4150,28.4150,669437
30/05/2013 00:00:00,28.3200,28.8800,28.3200,28.7950,461567
29/05/2013 00:00:00,28.6450,28.8000,28.3900,28.5650,635508
28/05/2013 00:00:00,28.5900,28.9150,28.5850,28.7050,567538
27/05/2013 00:00:00,28.4950,28.6750,28.4000,28.4400,279344
24/05/2013 00:00:00,28.4900,28.7400,28.0950,28.3000,494280
23/05/2013 00:00:00,28.6400,28.8300,27.8150,28.2900,1066583
22/05/2013 00:00:00,29.2500,29.4000,28.8750,29.1000,693199
21/05/2013 00:00:00,29.2000,29.2000,28.9650,29.1900,615112
20/05/2013 00:00:00,28.9950,29.2350,28.9000,29.1600,297727
17/05/2013 00:00:00,28.6900,29.1600,28.5650,28.9800,687104
16/05/2013 00:00:00,28.5100,28.7650,27.9750,28.7650,1003243
15/05/2013 00:00:00,29.3000,29.7300,28.4500,28.7950,1125562
14/05/2013 00:00:00,29.0950,29.4900,28.8500,29.4150,623791
13/05/2013 00:00:00,29.1700,29.3900,28.8800,28.9850,620200
10/05/2013 00:00:00,29.1250,29.5000,29.0800,29.3100,735663
09/05/2013 00:00:00,29.2300,29.3150,29.0050,29.2250,284169
08/05/2013 00:00:00,28.9750,29.3300,28.7800,29.2350,604398
07/05/2013 00:00:00,28.7100,28.9900,28.6800,28.9400,535717
06/05/2013 00:00:00,28.5700,28.8250,28.5350,28.7200,316388
03/05/2013 00:00:00,28.0900,28.6850,27.8700,28.6300,1029597
02/05/2013 00:00:00,27.6150,28.1200,27.5100,28.0700,1225520
30/04/2013 00:00:00,27.7700,27.8850,27.5300,27.8200,781677
29/04/2013 00:00:00,28.0100,28.1800,27.5400,27.7500,1716839
26/04/2013 00:00:00,26.5750,26.6000,26.0050,26.4850,881974
25/04/2013 00:00:00,27.0650,27.6900,27.0450,27.5550,657293
24/04/2013 00:00:00,27.0750,27.4900,26.8400,27.4600,812159
23/04/2013 00:00:00,25.5750,27.1200,25.5500,27.1200,915230
22/04/2013 00:00:00,25.5300,25.8700,25.4550,25.5550,586174
19/04/2013 00:00:00,25.8700,25.8700,25.3000,25.5300,497966
18/04/2013 00:00:00,25.3050,26.0200,25.3050,25.6550,680056
17/04/2013 00:00:00,26.2450,26.2450,25.0200,25.2800,816763
16/04/2013 00:00:00,26.2600,26.4000,25.8950,26.0900,507239
15/04/2013 00:00:00,26.6100,26.9400,26.2000,26.4600,500307
12/04/2013 00:00:00,26.8350,26.8900,26.5400,26.7000,363042
11/04/2013 00:00:00,26.6400,27.1500,26.5450,26.9300,710424
10/04/2013 00:00:00,26.0000,26.6900,26.0000,26.6550,807457
09/04/2013 00:00:00,26.0000,26.1400,25.7500,25.9600,554412
08/04/2013 00:00:00,25.8950,26.3450,25.7550,25.8350,441524
05/04/2013 00:00:00,26.3500,26.6600,25.5000,25.8150,821125
04/04/2013 00:00:00,26.7300,26.9250,26.2500,26.3050,610393
03/04/2013 00:00:00,26.7500,27.0000,26.6300,26.7050,585755
02/04/2013 00:00:00,26.4950,26.8600,26.4150,26.8450,516114
28/03/2013 00:00:00,26.2550,26.6300,25.9900,26.3850,761874
27/03/2013 00:00:00,26.1200,26.7550,25.9450,26.4400,1264819
26/03/2013 00:00:00,25.5550,26.0850,25.5300,25.9250,667921
25/03/2013 00:00:00,26.9500,26.9500,25.6650,25.7800,641377
22/03/2013 00:00:00,26.1950,26.6300,25.9750,26.3900,645519
21/03/2013 00:00:00,26.4900,26.8250,26.0150,26.1750,703543
20/03/2013 00:00:00,26.2500,26.5000,26.1800,26.3350,691331
19/03/2013 00:00:00,26.4600,26.6000,26.2000,26.2550,499565
18/03/2013 00:00:00,26.4800,26.6050,25.9450,26.4700,938991
15/03/2013 00:00:00,27.3100,27.4000,26.9050,26.9050,908952
14/03/2013 00:00:00,27.2100,27.4800,27.0250,27.3250,648049
13/03/2013 00:00:00,27.1150,27.1950,26.9200,27.1900,438850
12/03/2013 00:00:00,26.8500,27.2900,26.8500,27.0800,637054
11/03/2013 00:00:00,26.7900,26.9400,26.6450,26.9050,406593
08/03/2013 00:00:00,26.9000,27.0200,26.6600,26.8200,535913
07/03/2013 00:00:00,26.5700,26.9900,26.5000,26.8150,571449
06/03/2013 00:00:00,26.4450,26.6600,26.3450,26.3800,457855
05/03/2013 00:00:00,25.9550,26.6350,25.9150,26.5250,584999
04/03/2013 00:00:00,25.7100,25.9000,25.6500,25.8050,372989
01/03/2013 00:00:00,26.1100,26.1900,25.5500,25.8300,532214
28/02/2013 00:00:00,26.0000,26.1800,25.8700,26.0850,791259
27/02/2013 00:00:00,25.3900,25.9800,25.3900,25.9100,784572
26/02/2013 00:00:00,25.2500,25.8100,24.9650,25.3350,1335696
25/02/2013 00:00:00,26.2800,26.4950,25.7500,26.0600,927047
22/02/2013 00:00:00,26.0500,26.4900,26.0450,26.2700,725888
21/02/2013 00:00:00,26.7900,26.7950,25.6750,25.9750,1152845
20/02/2013 00:00:00,27.0000,27.2700,26.7500,26.8450,1670397
19/02/2013 00:00:00,25.7550,26.0500,25.5850,26.0450,753877
18/02/2013 00:00:00,25.6400,25.7850,25.4150,25.7350,515360
15/02/2013 00:00:00,25.3100,25.8200,25.3000,25.5250,494515
14/02/2013 00:00:00,25.5000,25.6700,25.2800,25.3750,667320
13/02/2013 00:00:00,24.8850,25.6550,24.8500,25.5400,1172138
12/02/2013 00:00:00,24.3650,24.7500,24.2100,24.7150,750679
11/02/2013 00:00:00,24.2500,24.4850,24.0500,24.2000,472820
08/02/2013 00:00:00,24.0100,24.2800,23.9800,24.2450,423332
07/02/2013 00:00:00,24.1900,24.3400,23.9250,24.0050,570912
06/02/2013 00:00:00,24.5050,24.6950,24.0150,24.1600,711049
05/02/2013 00:00:00,24.0600,24.5900,24.0600,24.5000,767042
04/02/2013 00:00:00,24.7500,25.0000,24.2050,24.2550,858051
01/02/2013 00:00:00,24.3000,24.8000,24.3000,24.7250,550206
31/01/2013 00:00:00,24.7750,24.8100,24.3050,24.3050,899751
30/01/2013 00:00:00,24.6000,25.0500,24.4750,24.7900,891832
29/01/2013 00:00:00,24.7200,24.8500,24.3000,24.4750,504729
28/01/2013 00:00:00,24.4350,24.9300,24.3700,24.7100,698296
25/01/2013 00:00:00,24.0950,24.3950,24.0150,24.3550,567168
24/01/2013 00:00:00,23.7050,24.0800,23.5500,24.0600,379695
23/01/2013 00:00:00,24.0400,24.0500,23.5100,23.6950,823030
22/01/2013 00:00:00,23.9600,24.1000,23.7050,24.0700,469632
21/01/2013 00:00:00,23.9800,24.0400,23.7950,24.0000,394270
18/01/2013 00:00:00,23.7000,23.9800,23.6400,23.9150,589494
17/01/2013 00:00:00,23.4000,23.6950,23.3100,23.6950,394231
16/01/2013 00:00:00,23.5250,23.6000,23.1350,23.4700,548452
15/01/2013 00:00:00,23.5100,23.6200,23.3450,23.5000,476938
14/01/2013 00:00:00,23.6000,23.7700,23.4500,23.5500,482520
11/01/2013 00:00:00,23.5950,23.6900,23.3850,23.5850,529779
10/01/2013 00:00:00,23.3950,23.6500,23.3500,23.5050,420142
09/01/2013 00:00:00,23.6400,23.6800,23.3200,23.4200,796261
08/01/2013 00:00:00,23.1900,23.7500,22.7700,23.6700,1044143
07/01/2013 00:00:00,23.3000,23.6000,23.3000,23.4200,627755
04/01/2013 00:00:00,23.4450,23.4450,23.0900,23.2900,504336
03/01/2013 00:00:00,22.9900,23.4950,22.9750,23.4100,827646
02/01/2013 00:00:00,22.5750,23.1000,22.5600,22.9350,666657
01/01/2013 00:00:00,22.3425,22.2150,22.2150,22.2150,0
31/12/2012 00:00:00,22.1100,22.3450,21.9000,22.2150,369539
28/12/2012 00:00:00,22.5100,22.5600,22.1650,22.2750,302043
27/12/2012 00:00:00,22.1500,22.5900,22.1100,22.5900,389498
26/12/2012 00:00:00,22.1850,22.3100,22.1400,22.3100,55404
25/12/2012 00:00:00,22.1850,22.3100,22.1400,22.3100,55404
24/12/2012 00:00:00,22.1850,22.3100,22.1400,22.3100,55404
21/12/2012 00:00:00,22.4150,22.4150,22.1150,22.2650,1054541
20/12/2012 00:00:00,22.2250,22.5700,22.1850,22.4650,479940
19/12/2012 00:00:00,22.1650,22.3500,22.0050,22.2500,728739
18/12/2012 00:00:00,22.1500,22.2100,21.9100,22.1650,626372
17/12/2012 00:00:00,21.9950,22.1850,21.9200,22.1000,466091
14/12/2012 00:00:00,22.0050,22.1200,21.8550,22.0200,429009
13/12/2012 00:00:00,21.9650,22.1500,21.9000,22.1000,842906
12/12/2012 00:00:00,21.5900,21.8800,21.5350,21.8800,638181
11/12/2012 00:00:00,21.5200,21.5900,21.4600,21.5550,324109
10/12/2012 00:00:00,21.4150,21.6000,21.2150,21.5450,564298
07/12/2012 00:00:00,21.0150,21.5000,21.0050,21.4650,877224
06/12/2012 00:00:00,20.8600,21.1500,20.6950,21.0900,868472
05/12/2012 00:00:00,20.7650,20.8950,20.6700,20.8900,435022
04/12/2012 00:00:00,20.5650,20.8800,20.5650,20.6900,370345
03/12/2012 00:00:00,20.5250,20.8300,20.5100,20.6400,515419
30/11/2012 00:00:00,20.8500,20.8500,20.5500,20.5500,685171
29/11/2012 00:00:00,20.5700,20.8900,20.5700,20.8900,664885
28/11/2012 00:00:00,20.4000,20.5000,20.1900,20.4850,368203
27/11/2012 00:00:00,20.4500,20.8300,20.3150,20.4450,1002538
26/11/2012 00:00:00,20.3200,20.5000,20.1900,20.2750,285630
23/11/2012 00:00:00,20.3000,20.5000,20.1850,20.4500,321934
22/11/2012 00:00:00,20.1650,20.3300,20.0900,20.3100,517644
21/11/2012 00:00:00,19.6700,20.2800,19.6250,20.2350,626107
20/11/2012 00:00:00,19.6500,19.8700,19.5650,19.8250,368571
19/11/2012 00:00:00,19.4800,19.7300,19.3500,19.7300,447527
16/11/2012 00:00:00,19.7200,19.8150,19.2050,19.2550,596358
15/11/2012 00:00:00,19.8250,19.9950,19.6650,19.7450,583059
14/11/2012 00:00:00,19.9900,20.3000,19.8500,20.0400,523757
13/11/2012 00:00:00,19.6500,20.1500,19.6100,20.1100,552460
12/11/2012 00:00:00,19.6900,19.7800,19.4800,19.7000,295115
09/11/2012 00:00:00,19.8900,19.9850,19.3700,19.7000,479696
08/11/2012 00:00:00,19.8050,20.1000,19.6750,19.8950,494168
07/11/2012 00:00:00,20.3000,20.5200,19.6400,19.7850,940464
06/11/2012 00:00:00,19.6600,20.1700,19.6600,20.1150,660533
05/11/2012 00:00:00,19.6850,19.7700,19.6300,19.6750,247417
02/11/2012 00:00:00,19.9800,20.0900,19.7600,19.7950,602896
01/11/2012 00:00:00,19.6400,19.9800,19.5650,19.9800,553884
31/10/2012 00:00:00,19.2800,19.7000,19.2500,19.6350,652412
30/10/2012 00:00:00,19.0400,19.3800,19.0250,19.3700,208758
29/10/2012 00:00:00,19.1950,19.2000,18.9100,19.0650,407184
26/10/2012 00:00:00,19.3100,19.4250,19.1100,19.3300,470909
25/10/2012 00:00:00,19.1550,19.7150,19.1550,19.5100,423049
24/10/2012 00:00:00,19.2050,19.3000,18.9850,19.1950,660687
23/10/2012 00:00:00,19.4350,19.5300,19.0550,19.1550,567751
22/10/2012 00:00:00,19.4950,19.7300,19.4000,19.4800,679935
19/10/2012 00:00:00,19.8500,19.9700,19.5550,19.5550,700504
18/10/2012 00:00:00,19.8850,20.0500,19.6500,19.9800,706683
17/10/2012 00:00:00,19.7800,20.0000,19.6900,19.9650,996231
16/10/2012 00:00:00,19.4950,19.8900,19.3150,19.7850,1178212
15/10/2012 00:00:00,18.8500,19.4500,18.8500,19.3550,805371
12/10/2012 00:00:00,18.8900,19.1000,18.8200,18.8550,705374
11/10/2012 00:00:00,18.4000,19.0250,18.4000,18.9950,745486
10/10/2012 00:00:00,18.5000,18.6550,18.4100,18.5300,799511
09/10/2012 00:00:00,18.9300,19.0550,18.5950,18.6700,573872
08/10/2012 00:00:00,19.1200,19.1700,18.9000,18.9250,432107
05/10/2012 00:00:00,19.3300,19.4200,19.1000,19.2900,458449
04/10/2012 00:00:00,19.1100,19.3700,19.0350,19.3300,679647
03/10/2012 00:00:00,19.0000,19.3400,19.0000,19.0900,640296
02/10/2012 00:00:00,19.0150,19.3800,18.8900,19.0700,431713
01/10/2012 00:00:00,18.5900,19.2450,18.5300,19.1600,856883
28/09/2012 00:00:00,19.0750,19.2000,18.6600,18.6600,970289
27/09/2012 00:00:00,19.0600,19.2000,18.8800,19.0950,1313767
26/09/2012 00:00:00,19.3500,19.4750,18.8800,18.8800,1120510
25/09/2012 00:00:00,19.5100,19.7050,19.1200,19.7000,828337
24/09/2012 00:00:00,19.3000,19.6350,19.2500,19.6100,961307
21/09/2012 00:00:00,19.0000,19.3600,18.8550,19.2700,963077
20/09/2012 00:00:00,19.1450,19.1650,18.5000,18.9900,992820
19/09/2012 00:00:00,19.5950,19.6000,19.0800,19.2300,777133
18/09/2012 00:00:00,19.8700,19.8700,19.4500,19.5300,719981
17/09/2012 00:00:00,19.7500,19.9900,19.7200,19.9500,1048059
14/09/2012 00:00:00,19.5000,19.9900,19.3850,19.8750,1626653
13/09/2012 00:00:00,19.2500,19.3150,19.0300,19.2100,781723
12/09/2012 00:00:00,18.8950,19.4300,18.8200,19.2500,1229772
11/09/2012 00:00:00,18.7050,18.8750,18.4650,18.8750,604354
10/09/2012 00:00:00,18.9500,19.0000,18.7650,18.7650,522174
07/09/2012 00:00:00,19.0500,19.3500,18.8900,18.9700,855691
06/09/2012 00:00:00,18.4500,19.0200,18.2750,18.9950,1207182
05/09/2012 00:00:00,17.8750,18.4450,17.8750,18.4300,1032739
04/09/2012 00:00:00,17.8850,18.1500,17.8500,18.0550,571574
03/09/2012 00:00:00,17.7350,17.9900,17.6200,17.9450,588035
31/08/2012 00:00:00,17.5650,17.7200,17.4700,17.7000,661106
30/08/2012 00:00:00,17.7350,17.7700,17.4150,17.5000,533967
29/08/2012 00:00:00,17.6900,17.8450,17.6000,17.7500,519569
28/08/2012 00:00:00,17.6000,17.7000,17.5200,17.6950,408318
27/08/2012 00:00:00,17.6000,17.7400,17.5100,17.7150,411099
24/08/2012 00:00:00,17.6200,17.7300,17.4050,17.5500,658034
23/08/2012 00:00:00,17.8050,17.9500,17.5400,17.6600,576387
22/08/2012 00:00:00,17.7400,17.8600,17.6600,17.6900,476636
21/08/2012 00:00:00,17.7300,18.0000,17.7300,17.8900,828089
20/08/2012 00:00:00,18.0000,18.3550,17.6400,17.7250,873944
17/08/2012 00:00:00,18.1350,18.2200,17.9400,17.9900,640914
16/08/2012 00:00:00,17.8000,18.0950,17.7200,18.0950,619882
15/08/2012 00:00:00,17.5950,17.8000,17.4500,17.7950,455608
14/08/2012 00:00:00,17.6000,17.7350,17.5000,17.6300,661983
13/08/2012 00:00:00,17.5600,17.7700,17.5050,17.5750,641268
10/08/2012 00:00:00,17.3200,17.6100,17.2500,17.5850,528280
09/08/2012 00:00:00,17.19,17.3400,17.3400,17.3400,0
08/08/2012 00:00:00,17.06,17.3400,17.3400,17.3400,0
07/08/2012 00:00:00,16.93,17.3400,17.3400,17.3400,0
06/08/2012 00:00:00,16.8000,17.4000,16.6900,17.3400,1238342
03/08/2012 00:00:00,15.4000,16.4800,15.3500,16.4800,663362
02/08/2012 00:00:00,16.1700,16.3400,15.3000,15.3200,780112
01/08/2012 00:00:00,16.1400,16.4000,16.1200,16.3400,205118
31/07/2012 00:00:00,16.5900,16.6900,16.1000,16.2100,511189
30/07/2012 00:00:00,16.1000,16.7200,16.0700,16.7200,630717
27/07/2012 00:00:00,15.9900,16.3200,15.7200,16.1900,430375
26/07/2012 00:00:00,15.0300,15.9500,14.9500,15.9500,674186
25/07/2012 00:00:00,14.9200,15.2900,14.9000,15.0400,420966
24/07/2012 00:00:00,15.2100,15.2600,14.8600,15.0300,490834
23/07/2012 00:00:00,15.7500,15.8000,15.1500,15.2600,647850
20/07/2012 00:00:00,16.5300,16.5900,15.9700,16.1000,461775
19/07/2012 00:00:00,16.2900,16.5900,16.1500,16.5300,514467
18/07/2012 00:00:00,16.1500,16.3400,15.9800,16.3000,224864
17/07/2012 00:00:00,15.9400,16.3500,15.9300,16.0600,526624
16/07/2012 00:00:00,15.9800,16.1900,15.8500,15.9900,252477
13/07/2012 00:00:00,15.8100,16.1600,15.7300,16.1600,421753
12/07/2012 00:00:00,15.8000,16.0900,15.7100,15.8900,220858
11/07/2012 00:00:00,15.9000,16.1700,15.8200,15.9000,390716
10/07/2012 00:00:00,15.3300,16.1000,15.3300,16.0500,636178
09/07/2012 00:00:00,15.3000,15.5500,15.1900,15.3100,275509
06/07/2012 00:00:00,15.6800,15.8700,15.3600,15.3700,313169
05/07/2012 00:00:00,15.9200,16.1800,15.6100,15.8200,420746
04/07/2012 00:00:00,16.0000,16.1000,15.7500,15.9800,312036
03/07/2012 00:00:00,16.0000,16.1900,15.8000,16.0200,529280
02/07/2012 00:00:00,15.6300,16.0000,15.5000,15.9800,760015
29/06/2012 00:00:00,15.0200,15.7000,14.7800,15.6000,1247235
28/06/2012 00:00:00,14.2000,14.8900,14.1500,14.6800,1603474
27/06/2012 00:00:00,13.3300,13.5600,13.2600,13.4700,352168
26/06/2012 00:00:00,13.3700,13.6700,13.2100,13.3200,218524
25/06/2012 00:00:00,13.6500,13.7900,13.3400,13.4700,299099
22/06/2012 00:00:00,13.6600,14.0500,13.5200,13.8200,249550
21/06/2012 00:00:00,13.5400,14.0000,13.4600,13.7800,439514
20/06/2012 00:00:00,13.7700,13.7900,13.5300,13.7900,276785
19/06/2012 00:00:00,13.2700,13.7800,13.0800,13.7700,331073
18/06/2012 00:00:00,13.6600,13.7900,13.1700,13.3100,301243
15/06/2012 00:00:00,12.9000,13.4600,12.8200,13.4200,622053
14/06/2012 00:00:00,12.9300,13.0000,12.5800,12.9800,483929
13/06/2012 00:00:00,13.0600,13.2300,12.6800,12.8300,584527
12/06/2012 00:00:00,13.2500,13.5400,12.9300,13.1700,366289
11/06/2012 00:00:00,13.4900,13.6600,13.3000,13.3900,716843
08/06/2012 00:00:00,13.0900,13.1800,12.7500,13.0900,350983
07/06/2012 00:00:00,13.2200,13.4500,13.0300,13.3500,432518
06/06/2012 00:00:00,12.7100,13.2800,12.6500,13.2200,510315
05/06/2012 00:00:00,12.6000,12.7500,12.2000,12.6100,292313
04/06/2012 00:00:00,12.2100,12.6700,12.1700,12.5400,315293
01/06/2012 00:00:00,12.7900,13.0500,12.2400,12.3500,713026
31/05/2012 00:00:00,13.2600,13.3800,12.7900,12.7900,1325303
30/05/2012 00:00:00,13.4800,13.6100,13.1100,13.3000,440451
29/05/2012 00:00:00,13.6100,13.8000,13.3100,13.5500,255207
28/05/2012 00:00:00,13.7500,13.8700,13.5100,13.6400,155958
25/05/2012 00:00:00,13.2800,13.7900,13.2800,13.7400,395761
24/05/2012 00:00:00,13.4500,13.4500,13.1000,13.3200,311132
23/05/2012 00:00:00,13.4600,13.5900,13.2700,13.3500,351163
22/05/2012 00:00:00,13.0300,13.6800,12.9100,13.6500,486570
21/05/2012 00:00:00,12.6600,12.9900,12.6200,12.9900,445177
18/05/2012 00:00:00,12.5000,12.9600,12.3000,12.7700,490734
17/05/2012 00:00:00,12.8500,12.9700,12.3900,12.6100,325974
16/05/2012 00:00:00,12.7000,13.1000,12.5000,12.8600,688970
15/05/2012 00:00:00,13.0200,13.1700,12.5100,12.7600,534886
14/05/2012 00:00:00,13.5900,13.6600,13.0000,13.0000,496601
11/05/2012 00:00:00,13.4900,13.6700,13.3000,13.5400,313296
10/05/2012 00:00:00,13.1000,13.7200,13.1000,13.7200,1079125
09/05/2012 00:00:00,13.0200,13.3300,12.6000,12.8800,504953
08/05/2012 00:00:00,13.5400,13.6100,13.1100,13.1900,696386
07/05/2012 00:00:00,13.3800,13.6200,13.2000,13.5700,482781
04/05/2012 00:00:00,13.5400,13.9600,13.5100,13.5700,605779
03/05/2012 00:00:00,13.7000,13.8900,13.5100,13.6300,499307
02/05/2012 00:00:00,14.0200,14.1200,13.6000,13.6600,845978
30/04/2012 00:00:00,13.8000,14.1500,13.5500,13.7500,476007
27/04/2012 00:00:00,13.7000,14.5800,13.5300,14.5300,562838
26/04/2012 00:00:00,14.4700,14.4700,13.8100,13.9500,324645
25/04/2012 00:00:00,14.0700,14.4400,14.0100,14.3300,386516
24/04/2012 00:00:00,13.6400,14.0500,13.6000,14.0100,361729
23/04/2012 00:00:00,13.9600,14.1000,13.5000,13.6400,747746
20/04/2012 00:00:00,14.0300,14.3300,13.9300,14.1000,509566
19/04/2012 00:00:00,14.2000,14.4600,14.0200,14.0500,442904
18/04/2012 00:00:00,14.6300,14.6900,14.1000,14.1100,410076
17/04/2012 00:00:00,14.1100,14.6600,14.1000,14.6000,459171
16/04/2012 00:00:00,14.6000,14.6900,14.1300,14.1900,709984
13/04/2012 00:00:00,15.1100,15.4900,14.6400,14.6900,598829
12/04/2012 00:00:00,15.1200,15.2700,14.6500,15.2400,791303
11/04/2012 00:00:00,15.0000,15.3000,14.9100,15.0600,918850
10/04/2012 00:00:00,15.0100,15.3000,14.9400,15.0000,1377891
05/04/2012 00:00:00,15.6000,15.8400,14.9000,15.4100,840537
04/04/2012 00:00:00,16.0600,16.2000,15.5100,15.5100,712633
03/04/2012 00:00:00,16.7000,16.8900,16.1500,16.1700,563572
02/04/2012 00:00:00,16.4000,16.6900,16.0700,16.6900,505897
30/03/2012 00:00:00,16.5100,16.6300,16.1500,16.4800,614504
29/03/2012 00:00:00,16.7600,16.8800,16.2000,16.3400,579386
28/03/2012 00:00:00,16.8500,17.1000,16.6100,16.6400,232995
27/03/2012 00:00:00,17.2300,17.4500,17.0400,17.0500,464842
26/03/2012 00:00:00,17.0200,17.2100,16.7200,17.1900,378824
23/03/2012 00:00:00,16.4100,17.0700,16.2100,17.0300,685952
22/03/2012 00:00:00,17.2400,17.2400,16.3400,16.5500,706417
21/03/2012 00:00:00,17.4200,17.6000,17.0800,17.2900,394711
20/03/2012 00:00:00,17.8500,17.8900,17.3300,17.5000,576540
19/03/2012 00:00:00,17.6200,18.0800,17.3400,17.9400,810270
16/03/2012 00:00:00,17.0900,17.6300,17.0400,17.6300,1410017
15/03/2012 00:00:00,16.6900,17.1000,16.6700,17.0400,631138
14/03/2012 00:00:00,16.5000,16.7400,16.4100,16.6700,607518
13/03/2012 00:00:00,16.4400,16.5300,16.1700,16.4000,338602
12/03/2012 00:00:00,16.5900,16.6500,16.1000,16.3400,502050
09/03/2012 00:00:00,16.4200,16.7900,16.3300,16.6100,623369
08/03/2012 00:00:00,16.0000,16.3700,15.9000,16.2500,612042
07/03/2012 00:00:00,15.5400,15.8500,15.5000,15.7700,354112
06/03/2012 00:00:00,16.3600,16.3900,15.6500,15.6600,451309
05/03/2012 00:00:00,16.5500,16.6000,16.1200,16.4900,364681
02/03/2012 00:00:00,16.1700,16.6900,16.1100,16.6100,422424
01/03/2012 00:00:00,15.9200,16.3500,15.8300,16.0200,352194
29/02/2012 00:00:00,15.9300,16.1400,15.8500,15.9400,384921
28/02/2012 00:00:00,16.0500,16.3100,15.7900,16.0000,347096
27/02/2012 00:00:00,16.1000,16.2000,15.4000,16.0500,617404
24/02/2012 00:00:00,16.2300,16.5600,16.0700,16.2600,343310
23/02/2012 00:00:00,16.1000,16.6300,16.1000,16.2000,406230
22/02/2012 00:00:00,16.5300,16.6800,16.1500,16.1500,413832
21/02/2012 00:00:00,16.9500,16.9600,16.4000,16.5300,405746
20/02/2012 00:00:00,17.1000,17.2500,16.8000,16.8900,803726
17/02/2012 00:00:00,17.0000,17.2800,16.9500,17.1400,540656
16/02/2012 00:00:00,16.7000,17.0200,16.5700,16.8900,624815
15/02/2012 00:00:00,16.8600,17.2400,16.8100,16.9800,538876
14/02/2012 00:00:00,17.2000,17.2100,16.6300,16.7000,470587
13/02/2012 00:00:00,17.0000,17.3000,17.0000,17.1100,294930
10/02/2012 00:00:00,17.1800,17.1900,16.5100,16.8600,656606
09/02/2012 00:00:00,17.1500,17.5000,16.9200,17.3000,655859
08/02/2012 00:00:00,16.7800,17.4500,16.7500,17.0500,622763
07/02/2012 00:00:00,16.8300,17.0700,16.2500,16.7000,477799
06/02/2012 00:00:00,17.2000,17.2000,16.5100,16.6500,676918
03/02/2012 00:00:00,17.1000,17.4000,16.9000,17.3000,714031
02/02/2012 00:00:00,16.7000,17.2000,16.3500,17.2000,1222442
01/02/2012 00:00:00,15.9000,16.7500,15.7600,16.7500,870909
31/01/2012 00:00:00,15.5000,16.1600,15.2400,15.8900,823485
30/01/2012 00:00:00,15.5100,15.7500,15.1000,15.2500,577840
27/01/2012 00:00:00,16.1900,16.4000,15.6200,15.8500,1262431
26/01/2012 00:00:00,15.5100,16.6600,15.4000,16.1000,2897112
25/01/2012 00:00:00,14.3000,14.6800,14.2300,14.5500,352525
24/01/2012 00:00:00,14.5000,14.5000,14.0400,14.2800,498177
23/01/2012 00:00:00,13.8600,14.7000,13.8600,14.7000,1084263
20/01/2012 00:00:00,13.8500,14.0500,13.7000,13.7600,587820
19/01/2012 00:00:00,13.4600,14.1900,13.4000,14.0400,1090752
18/01/2012 00:00:00,13.2300,13.4800,13.1200,13.1900,315555
17/01/2012 00:00:00,13.2000,13.4900,13.0000,13.4900,467311
16/01/2012 00:00:00,12.7100,13.1400,12.6200,13.1400,358822
13/01/2012 00:00:00,12.9500,13.3800,12.5100,12.9700,690605
12/01/2012 00:00:00,12.3800,12.9400,12.3000,12.9400,688230
11/01/2012 00:00:00,12.4600,12.5700,12.0100,12.1000,472353
10/01/2012 00:00:00,12.4000,12.6000,12.3300,12.4600,261365
09/01/2012 00:00:00,12.3800,12.6200,12.2200,12.2200,286802
06/01/2012 00:00:00,12.6000,12.8000,12.3200,12.3900,288757
05/01/2012 00:00:00,13.0000,13.0000,12.4800,12.8000,365300
04/01/2012 00:00:00,12.9000,13.0000,12.7500,12.9900,322315
03/01/2012 00:00:00,12.4000,12.9000,12.4000,12.8900,402186
02/01/2012 00:00:00,12.0000,12.5000,11.9500,12.4000,253798
30/12/2011 00:00:00,11.9500,12.0000,11.8200,12.0000,142991
29/12/2011 00:00:00,11.9900,12.0000,11.7600,11.9900,257430
28/12/2011 00:00:00,12.0000,12.0000,11.8000,12.0000,172669
27/12/2011 00:00:00,11.9000,12.0600,11.7400,12.0500,204000
23/12/2011 00:00:00,12.0100,12.1400,11.9000,11.9900,119210
22/12/2011 00:00:00,11.9900,12.0800,11.9000,12.0000,267341
21/12/2011 00:00:00,12.0000,12.1300,11.8000,11.8200,590558
20/12/2011 00:00:00,11.6500,11.9500,11.5600,11.8900,548117
19/12/2011 00:00:00,11.7000,11.8000,11.5100,11.6500,507490
16/12/2011 00:00:00,12.1700,12.3000,11.7300,11.8600,923906
15/12/2011 00:00:00,11.8600,12.4000,11.7100,12.1700,474032
14/12/2011 00:00:00,12.3000,12.4900,11.6400,11.8200,582149
13/12/2011 00:00:00,12.5000,12.7500,12.2500,12.4200,440120
12/12/2011 00:00:00,13.2900,13.2900,12.4500,12.5400,425022
09/12/2011 00:00:00,12.2000,13.3000,12.1100,13.3000,661470
08/12/2011 00:00:00,13.1800,13.2900,12.1300,12.2400,658648
07/12/2011 00:00:00,13.2000,13.3000,12.7000,13.1700,437600
06/12/2011 00:00:00,13.2700,13.2700,12.9000,13.0000,415290
05/12/2011 00:00:00,13.1400,13.3900,13.1100,13.3900,685166
02/12/2011 00:00:00,12.7000,13.2500,12.6600,13.0000,505069
01/12/2011 00:00:00,13.0800,13.1000,12.5100,12.5300,405684
30/11/2011 00:00:00,12.1000,13.0900,12.0800,13.0000,809315
29/11/2011 00:00:00,12.3900,12.4400,12.0400,12.4400,617468
28/11/2011 00:00:00,11.7000,12.3500,11.7000,12.2600,460165
25/11/2011 00:00:00,11.3400,11.4900,11.0100,11.3400,335092
24/11/2011 00:00:00,11.0000,11.7000,10.9600,11.2000,531381
23/11/2011 00:00:00,11.6000,11.7000,10.8000,10.8400,826707
22/11/2011 00:00:00,12.1000,12.2800,11.6600,11.6600,450949
21/11/2011 00:00:00,12.1600,12.3800,11.8000,12.0500,751803
18/11/2011 00:00:00,12.5100,12.8100,12.2600,12.2600,670040
17/11/2011 00:00:00,12.8300,13.1000,12.3100,12.8000,497452
16/11/2011 00:00:00,13.0000,13.5100,12.9000,12.9000,593622
15/11/2011 00:00:00,13.5000,13.6900,13.0100,13.0500,494506
14/11/2011 00:00:00,13.8800,14.0000,13.5100,13.6600,552604
11/11/2011 00:00:00,13.2000,13.6800,13.0200,13.5600,477045
10/11/2011 00:00:00,13.1100,13.5000,13.0100,13.1100,817426
09/11/2011 00:00:00,14.3000,14.4800,13.4100,13.5000,649032
08/11/2011 00:00:00,14.0000,14.5800,14.0000,14.2800,482625
07/11/2011 00:00:00,13.9500,14.0900,13.6700,13.9400,363208
04/11/2011 00:00:00,14.4300,14.6000,13.6500,13.9100,508679
03/11/2011 00:00:00,13.4100,14.3800,13.4000,14.2000,655768
02/11/2011 00:00:00,13.5100,13.9500,13.4500,13.6500,663643
01/11/2011 00:00:00,14.0000,14.1800,13.0700,13.4400,837585
31/10/2011 00:00:00,14.8000,15.0000,14.5600,14.6000,555615
28/10/2011 00:00:00,15.2800,15.3900,14.9000,15.1900,721917
27/10/2011 00:00:00,14.6700,15.2700,14.6700,15.2100,1952889
26/10/2011 00:00:00,13.8900,14.2900,13.8300,14.2900,567521
25/10/2011 00:00:00,14.4900,14.5800,13.5500,14.0100,765246
24/10/2011 00:00:00,14.1000,14.4900,14.0900,14.4900,585435
21/10/2011 00:00:00,13.6800,14.0100,13.6800,14.0000,427581
20/10/2011 00:00:00,13.7000,13.9100,13.5000,13.5900,704019
19/10/2011 00:00:00,13.6800,14.1900,13.6200,13.9400,651246
18/10/2011 00:00:00,13.6000,13.6000,13.0300,13.5100,739105
17/10/2011 00:00:00,14.1000,14.5000,13.6100,13.6600,810994
14/10/2011 00:00:00,13.8000,14.0500,13.7000,14.0000,636439
13/10/2011 00:00:00,13.9000,14.1500,13.7000,13.8200,986973
12/10/2011 00:00:00,12.8000,14.0000,12.8000,14.0000,1222675
11/10/2011 00:00:00,12.9500,13.0000,12.7000,13.0000,613240
10/10/2011 00:00:00,12.7700,12.9900,12.6200,12.9900,795998
07/10/2011 00:00:00,12.9900,12.9900,12.6100,12.8200,713750
06/10/2011 00:00:00,12.7100,12.9900,12.6700,12.9200,872324
05/10/2011 00:00:00,12.4500,12.6000,12.0000,12.6000,840075
04/10/2011 00:00:00,12.6000,12.6900,11.6000,11.6400,1366695
03/10/2011 00:00:00,12.7000,13.1100,12.4000,12.7300,786790
30/09/2011 00:00:00,13.8000,13.8000,13.0200,13.1400,795636
29/09/2011 00:00:00,13.3100,13.8000,13.2600,13.8000,1065623
28/09/2011 00:00:00,13.5500,13.5900,13.2100,13.5400,878006
27/09/2011 00:00:00,13.5000,13.8400,13.1000,13.6900,1000310
26/09/2011 00:00:00,12.1000,13.0000,11.8000,13.0000,923484
22/09/2011 00:00:00,12.5700,12.8000,11.8100,11.8800,918781
21/09/2011 00:00:00,12.7000,13.0500,12.5800,13.0200,628008
20/09/2011 00:00:00,12.2000,12.7000,12.2000,12.6600,646606
19/09/2011 00:00:00,12.2000,12.7800,12.1900,12.3500,575123
16/09/2011 00:00:00,13.3000,13.5800,12.5000,12.7600,1247669
15/09/2011 00:00:00,12.2000,13.0300,12.1700,13.0300,1055005
14/09/2011 00:00:00,11.6500,12.2000,11.5100,11.9300,778150
13/09/2011 00:00:00,11.6500,11.9900,11.2500,11.8600,717822
12/09/2011 00:00:00,11.5000,11.5000,11.1000,11.4200,1082780
09/09/2011 00:00:00,12.5100,12.6900,11.8700,11.8700,1015415
08/09/2011 00:00:00,12.7800,13.0900,12.5700,12.6200,809908
07/09/2011 00:00:00,12.7900,12.8900,12.5100,12.6300,890453
06/09/2011 00:00:00,12.1000,12.9000,11.8100,12.2400,1060250
05/09/2011 00:00:00,13.0800,13.1500,12.2100,12.4000,854576
02/09/2011 00:00:00,14.0000,14.0000,13.2300,13.5000,791248
01/09/2011 00:00:00,14.0000,14.3000,13.7500,14.1400,850678
31/08/2011 00:00:00,13.7500,14.0000,13.4700,14.0000,1099141
30/08/2011 00:00:00,13.7000,13.7000,13.3800,13.6500,663320
29/08/2011 00:00:00,13.5900,13.6900,13.1900,13.4600,664708
26/08/2011 00:00:00,12.9600,13.3000,12.8000,13.1500,876963
25/08/2011 00:00:00,13.6900,14.1000,12.7000,12.9800,1403017
24/08/2011 00:00:00,11.8000,13.5300,11.5400,13.2500,2102956
23/08/2011 00:00:00,11.6000,11.6000,10.9000,10.9200,748721
22/08/2011 00:00:00,11.3600,11.6400,11.2200,11.3100,558497
19/08/2011 00:00:00,11.4000,11.8000,11.0200,11.3900,979339
18/08/2011 00:00:00,12.3500,12.3500,11.1000,11.4300,847993
17/08/2011 00:00:00,12.6000,12.7500,12.4100,12.4300,357563
16/08/2011 00:00:00,13.5000,13.5000,12.5800,12.6400,779753
15/08/2011 00:00:00,13.2000,13.5000,13.1100,13.5000,453436
12/08/2011 00:00:00,12.2000,12.9500,11.6100,12.9500,1137637
11/08/2011 00:00:00,11.9900,12.2000,11.0000,11.8800,2253292
10/08/2011 00:00:00,13.0000,13.0700,11.4000,11.4300,1974686
09/08/2011 00:00:00,11.5200,12.4600,11.0000,12.4500,2076655
08/08/2011 00:00:00,12.0000,12.9800,11.6100,11.6600,1855193
05/08/2011 00:00:00,12.3000,13.1500,12.0000,12.2800,1992465
04/08/2011 00:00:00,13.7000,13.9400,12.7000,12.9600,1203332
03/08/2011 00:00:00,13.0000,13.7900,12.6200,13.2500,1268833
02/08/2011 00:00:00,13.9000,13.9700,13.2100,13.2500,1084122
01/08/2011 00:00:00,15.3500,15.4000,13.8200,13.8800,1152461
29/07/2011 00:00:00,14.0900,14.3900,13.9100,14.3500,1050872
28/07/2011 00:00:00,13.8500,14.3200,13.6600,14.2900,1524252
27/07/2011 00:00:00,14.6600,14.7400,13.9100,14.1300,1360497
26/07/2011 00:00:00,15.3000,15.5500,14.7600,14.8500,936949
25/07/2011 00:00:00,15.6000,15.6500,15.2100,15.2300,751837
22/07/2011 00:00:00,16.6000,16.9000,16.0000,16.1200,1901241
21/07/2011 00:00:00,14.6300,16.2900,14.3300,15.9500,1923589
20/07/2011 00:00:00,13.9000,14.6000,13.8000,14.5600,1163359
19/07/2011 00:00:00,13.8000,14.1800,13.2400,13.5200,1750643
18/07/2011 00:00:00,14.4000,14.4300,13.6000,13.6400,903797
15/07/2011 00:00:00,14.9000,14.9200,14.4100,14.4700,887956
14/07/2011 00:00:00,15.0100,15.2900,14.8300,14.9100,703078
13/07/2011 00:00:00,15.0000,15.5000,14.8000,15.3200,1277908
12/07/2011 00:00:00,15.4500,15.4500,13.6000,14.9400,3477584
11/07/2011 00:00:00,17.0100,17.0600,15.6500,15.6500,2226867
08/07/2011 00:00:00,17.6000,17.7000,17.0200,17.2700,711156
07/07/2011 00:00:00,17.7100,17.8900,17.4500,17.5000,735371
06/07/2011 00:00:00,18.2000,18.2200,17.3100,17.4300,900027
05/07/2011 00:00:00,18.7500,18.7500,18.2200,18.2600,410762
04/07/2011 00:00:00,18.9900,19.0000,18.6500,18.8100,332518
01/07/2011 00:00:00,18.7700,18.9900,18.6000,18.8100,578419
30/06/2011 00:00:00,18.5700,18.7100,18.3200,18.7100,642572
29/06/2011 00:00:00,17.5700,18.3100,17.5200,18.3100,744723
28/06/2011 00:00:00,17.1900,17.6000,16.8100,17.4300,677312
27/06/2011 00:00:00,17.4200,17.4900,16.9000,16.9800,863682
24/06/2011 00:00:00,18.0200,18.4500,17.4000,17.4000,862073
23/06/2011 00:00:00,18.0800,18.0800,17.6200,17.7100,431890
22/06/2011 00:00:00,18.9900,19.0000,18.0900,18.1000,737402
21/06/2011 00:00:00,17.9000,18.9300,17.9000,18.8900,441225
20/06/2011 00:00:00,18.0000,18.2900,17.8800,18.2000,344012
17/06/2011 00:00:00,17.9900,18.5400,17.8300,18.4300,981880
16/06/2011 00:00:00,18.0000,18.0900,17.5600,18.0000,931613
15/06/2011 00:00:00,18.7100,18.8300,18.0700,18.1200,987633
14/06/2011 00:00:00,18.8000,18.8900,18.6200,18.8500,410214
13/06/2011 00:00:00,18.8400,18.9500,18.5100,18.6700,197283
10/06/2011 00:00:00,19.0000,19.0200,18.7200,18.8100,382410
09/06/2011 00:00:00,18.8000,19.0300,18.6700,19.0000,578272
08/06/2011 00:00:00,18.8400,19.0600,18.7100,18.9100,378837
07/06/2011 00:00:00,18.6900,19.0600,18.6700,18.9600,518492
06/06/2011 00:00:00,19.0000,19.0600,18.6300,18.7000,558424
03/06/2011 00:00:00,18.4600,18.9900,18.2500,18.9900,586143
02/06/2011 00:00:00,18.7000,18.8500,18.4100,18.5000,553537
01/06/2011 00:00:00,19.1400,19.2200,18.7900,18.7900,693464
31/05/2011 00:00:00,19.0600,19.3600,19.0100,19.1900,939232
30/05/2011 00:00:00,18.9000,19.1000,18.7500,18.9000,361935
27/05/2011 00:00:00,19.3800,19.5000,18.6300,18.9000,1380189
26/05/2011 00:00:00,19.2000,19.7300,19.0700,19.3000,886773
25/05/2011 00:00:00,19.0900,19.1900,18.7400,18.9900,966303
24/05/2011 00:00:00,18.9200,19.1400,18.8000,19.1200,604142
23/05/2011 00:00:00,19.2300,19.2400,18.7700,18.8700,1298380
20/05/2011 00:00:00,19.7600,19.8500,19.2600,19.5000,729654
19/05/2011 00:00:00,19.7400,19.9500,19.4000,19.4700,812110
18/05/2011 00:00:00,20.0200,20.1700,19.2200,19.4600,1857014
17/05/2011 00:00:00,20.3900,20.6000,20.1400,20.1900,600382
16/05/2011 00:00:00,20.0000,20.4700,19.9400,20.3900,569022
13/05/2011 00:00:00,20.6100,20.6500,20.0000,20.1800,518644
12/05/2011 00:00:00,20.4500,20.7000,20.3200,20.5000,618623
11/05/2011 00:00:00,20.7800,20.8600,20.5200,20.7900,534140
10/05/2011 00:00:00,20.2100,20.8800,20.0500,20.7800,863044
09/05/2011 00:00:00,20.2500,20.3100,19.8000,20.2100,521885
06/05/2011 00:00:00,20.2400,20.3500,19.9200,20.3200,612307
05/05/2011 00:00:00,20.3300,20.3400,19.9800,20.1200,767916
04/05/2011 00:00:00,20.0700,20.2900,19.9200,20.2200,742965
03/05/2011 00:00:00,20.3000,20.4000,19.8100,20.0000,860823
02/05/2011 00:00:00,20.0500,20.4400,20.0000,20.2500,523608
29/04/2011 00:00:00,20.6100,20.7000,20.4200,20.4900,631390
28/04/2011 00:00:00,20.6300,20.9000,20.5000,20.6500,636644
27/04/2011 00:00:00,20.5500,20.6800,20.4200,20.5800,569799
26/04/2011 00:00:00,20.5600,20.7800,20.4900,20.6000,517026
21/04/2011 00:00:00,20.8000,21.0500,20.5400,20.6700,522271
20/04/2011 00:00:00,20.5500,20.7500,20.4000,20.6700,522131
19/04/2011 00:00:00,20.0300,20.6600,19.8200,20.4300,922963
18/04/2011 00:00:00,20.6000,20.6600,19.8100,19.8200,1242625
15/04/2011 00:00:00,20.5600,20.8600,20.4200,20.6600,633729
14/04/2011 00:00:00,21.0000,21.1200,20.3300,20.5800,855589
13/04/2011 00:00:00,21.2200,21.4000,21.0000,21.0800,509064
12/04/2011 00:00:00,21.5000,21.6000,21.1000,21.2000,722311
11/04/2011 00:00:00,21.6300,22.2000,21.5700,21.6600,550050
08/04/2011 00:00:00,21.5600,21.7900,21.5000,21.7900,668885
07/04/2011 00:00:00,21.3000,21.7600,21.2100,21.5300,1124027
06/04/2011 00:00:00,20.6300,21.2000,20.4100,21.1400,775430
05/04/2011 00:00:00,20.9300,20.9800,20.6000,20.6700,620101
01/04/2011 00:00:00,20.4600,20.8000,20.3700,20.6700,938269
31/03/2011 00:00:00,21.0800,21.1800,20.0500,20.0500,1488890
30/03/2011 00:00:00,21.0000,21.2000,20.8400,20.9300,853875
29/03/2011 00:00:00,21.0000,21.0000,20.3200,20.8500,1632714
28/03/2011 00:00:00,20.9200,21.4400,20.7600,20.8900,800856
25/03/2011 00:00:00,21.5600,21.6000,21.0000,21.0000,793341
24/03/2011 00:00:00,21.4900,21.9400,21.1100,21.4000,781906
23/03/2011 00:00:00,21.2000,21.6000,21.0400,21.5300,728775
22/03/2011 00:00:00,21.8500,22.3000,21.2500,21.3200,652254
21/03/2011 00:00:00,20.9200,21.9000,20.9200,21.7200,1296139
18/03/2011 00:00:00,20.7700,21.3000,20.5000,20.5000,2191017
17/03/2011 00:00:00,20.0500,20.6800,19.9100,20.5900,1171744
16/03/2011 00:00:00,21.0000,21.3000,19.8200,19.8200,1433742
15/03/2011 00:00:00,21.2000,21.4400,20.3000,20.7500,1720128
14/03/2011 00:00:00,20.8000,21.8500,20.7300,21.8000,1339018
11/03/2011 00:00:00,20.8000,21.2200,20.6000,20.9700,1029911
10/03/2011 00:00:00,21.1000,21.1900,20.7100,21.1400,837124
09/03/2011 00:00:00,21.9000,22.1000,21.0000,21.2000,1467614
08/03/2011 00:00:00,22.0000,22.3300,21.8100,21.9000,605394
07/03/2011 00:00:00,22.1000,22.1900,21.7600,21.7600,757464
04/03/2011 00:00:00,22.4000,22.8000,22.2000,22.2000,641669
03/03/2011 00:00:00,22.6100,22.7000,21.9200,22.2400,673892
02/03/2011 00:00:00,22.4000,22.6400,21.8000,22.4800,746324
01/03/2011 00:00:00,23.0000,23.2000,22.5300,22.6100,783289
28/02/2011 00:00:00,22.9000,23.1400,22.5500,23.0000,600397
25/02/2011 00:00:00,22.5000,23.2000,22.3300,22.7800,615365
24/02/2011 00:00:00,22.4600,22.7500,22.0000,22.1700,697058
23/02/2011 00:00:00,22.5100,23.2000,22.4500,22.5000,793670
22/02/2011 00:00:00,22.6000,23.0000,22.1000,22.7400,1265103
21/02/2011 00:00:00,24.2000,24.2000,22.9800,22.9800,1163536
18/02/2011 00:00:00,24.9000,25.2900,24.0500,24.2400,1430726
17/02/2011 00:00:00,24.6000,25.0500,24.2200,24.9900,1414868
16/02/2011 00:00:00,23.2200,24.5900,23.1900,24.5900,1718332
15/02/2011 00:00:00,23.1000,23.4000,22.7000,23.3000,773776
14/02/2011 00:00:00,23.4500,23.6900,23.1000,23.2000,837009
11/02/2011 00:00:00,23.1900,23.4000,22.4100,23.2100,1038590
10/02/2011 00:00:00,23.3200,23.5000,22.8400,22.9000,1254798
09/02/2011 00:00:00,23.2900,23.5700,23.1000,23.5000,871324
08/02/2011 00:00:00,23.1400,23.4100,22.9000,23.3000,812145
07/02/2011 00:00:00,22.5300,23.4100,22.5300,23.1900,1378144
04/02/2011 00:00:00,21.9800,22.7000,21.9700,22.5000,1259451
03/02/2011 00:00:00,21.8500,22.2000,21.7000,21.9600,659721
02/02/2011 00:00:00,21.9000,22.2000,21.5600,22.0000,1154455
01/02/2011 00:00:00,21.0700,21.9900,20.7200,21.8900,1306600
31/01/2011 00:00:00,20.9000,21.3900,20.7100,20.7100,1378585
28/01/2011 00:00:00,21.7800,22.0000,21.3000,21.3300,1102842
27/01/2011 00:00:00,20.7200,21.9000,20.5000,21.8000,1336438
26/01/2011 00:00:00,21.3300,21.6000,20.9600,20.9800,847706
25/01/2011 00:00:00,21.2400,21.4800,20.7700,21.3000,1039199
24/01/2011 00:00:00,21.0000,21.2800,20.4900,21.1300,964868
21/01/2011 00:00:00,20.2700,21.2000,20.1000,21.0400,2007001
20/01/2011 00:00:00,19.5000,20.3400,19.1800,20.3400,1298511
19/01/2011 00:00:00,20.0000,20.2000,19.6000,19.6400,729775
18/01/2011 00:00:00,19.6000,20.1300,19.6000,19.9600,1047740
17/01/2011 00:00:00,19.4000,19.6000,19.2000,19.6000,433590
14/01/2011 00:00:00,19.4900,19.5900,18.9500,19.4000,919179
13/01/2011 00:00:00,19.0000,19.5000,19.0000,19.4000,1561567
12/01/2011 00:00:00,18.0500,19.0000,18.0000,18.9700,1423754
11/01/2011 00:00:00,17.7700,18.2500,17.6500,17.9000,1155444
10/01/2011 00:00:00,18.9000,18.9000,17.5200,17.6000,1354469
07/01/2011 00:00:00,19.0000,19.1100,18.7700,19.0000,1204482
06/01/2011 00:00:00,18.8000,19.1900,18.7600,19.1000,986930
05/01/2011 00:00:00,18.8000,18.8000,18.3000,18.7400,598621
04/01/2011 00:00:00,18.4900,19.0800,18.3200,18.8000,1309799
03/01/2011 00:00:00,17.5000,18.2700,17.3000,18.2700,854510
31/12/2010 00:00:00,17.4900,17.4900,17.1000,17.1000,249818
30/12/2010 00:00:00,17.1000,17.4600,17.0600,17.0800,550754
29/12/2010 00:00:00,17.1000,17.1000,16.8800,17.0900,503087
28/12/2010 00:00:00,17.2000,17.3400,16.9600,16.9600,359897
27/12/2010 00:00:00,17.5000,17.5000,17.0500,17.0500,431950
24/12/2010 00:00:00,17.6500,17.7000,17.3500,17.4600,245895
23/12/2010 00:00:00,17.7500,17.9300,17.5200,17.6500,461484
22/12/2010 00:00:00,18.1000,18.2600,17.7000,17.7000,525419
21/12/2010 00:00:00,18.2100,18.4000,17.8200,17.8700,582269
20/12/2010 00:00:00,17.7500,18.2900,17.7000,18.1200,553416
17/12/2010 00:00:00,18.4000,18.4900,17.6800,17.7400,979723
16/12/2010 00:00:00,18.6000,18.6000,18.0000,18.3200,703623
15/12/2010 00:00:00,18.8000,18.8000,18.3800,18.3800,673712
14/12/2010 00:00:00,18.9100,19.0900,18.6800,18.8800,790411
13/12/2010 00:00:00,19.1000,19.1200,18.9000,18.9700,548499
10/12/2010 00:00:00,19.2100,19.2900,18.8800,19.0000,638286
09/12/2010 00:00:00,19.1200,19.6500,18.9400,19.2000,1029405
08/12/2010 00:00:00,18.7700,19.0000,18.4000,18.8000,670843
07/12/2010 00:00:00,18.9500,19.1000,18.7700,18.8200,600199
06/12/2010 00:00:00,19.5000,19.5000,18.8400,18.9200,602906
03/12/2010 00:00:00,19.7000,19.7000,19.0600,19.5100,729799
02/12/2010 00:00:00,19.0000,19.6900,18.7000,19.6900,1360933
01/12/2010 00:00:00,18.0000,18.6900,17.8100,18.6900,1499271
30/11/2010 00:00:00,18.2000,18.4900,16.8400,17.6000,3136132
29/11/2010 00:00:00,19.0900,19.5100,18.1000,18.1400,1568135
26/11/2010 00:00:00,19.1000,19.1000,18.1000,18.5000,1188061
25/11/2010 00:00:00,19.4000,19.4400,18.7000,19.1300,1141607
24/11/2010 00:00:00,19.8300,19.8900,19.1000,19.2100,1279576
23/11/2010 00:00:00,20.5000,20.6000,19.6100,19.6700,1283083
22/11/2010 00:00:00,21.5800,21.6000,20.5600,20.5600,516096
19/11/2010 00:00:00,21.5900,21.6900,21.1300,21.3900,394459
18/11/2010 00:00:00,21.3000,21.5800,21.2400,21.4800,339583
17/11/2010 00:00:00,21.2000,21.3000,21.0000,21.1300,381396
16/11/2010 00:00:00,21.6400,21.8000,21.2100,21.2200,457300
15/11/2010 00:00:00,21.5000,21.8600,21.2700,21.7500,592235
12/11/2010 00:00:00,21.2000,21.5600,20.5600,21.5000,826688
11/11/2010 00:00:00,22.3600,22.4900,21.1000,21.4200,1092510
10/11/2010 00:00:00,22.2800,22.8500,22.2000,22.2600,962702
09/11/2010 00:00:00,21.8500,22.1800,21.7000,22.1500,544077
08/11/2010 00:00:00,21.9000,22.3000,21.6000,21.6400,1082844
05/11/2010 00:00:00,22.5000,22.5000,21.9100,21.9100,564528
04/11/2010 00:00:00,22.3700,22.4800,22.1600,22.4000,578039
03/11/2010 00:00:00,22.3700,22.3900,21.9000,21.9900,500055
02/11/2010 00:00:00,22.4800,22.4800,22.1500,22.2000,526092
01/11/2010 00:00:00,22.3500,22.4500,22.0000,22.4500,426370
29/10/2010 00:00:00,22.2000,22.2800,21.9800,22.0900,565801
28/10/2010 00:00:00,22.1000,22.4300,21.9300,22.1800,485676
27/10/2010 00:00:00,22.2800,22.4500,22.0000,22.0000,587242
26/10/2010 00:00:00,22.2900,22.5300,22.2600,22.4000,664210
25/10/2010 00:00:00,22.3600,22.4400,22.2300,22.2500,487499
22/10/2010 00:00:00,22.6000,22.6400,22.2100,22.3000,350849
21/10/2010 00:00:00,22.4000,22.7000,22.3900,22.6700,618389
20/10/2010 00:00:00,22.5200,22.6400,22.2500,22.4400,455486
19/10/2010 00:00:00,22.8000,22.9000,22.5100,22.7000,692727
18/10/2010 00:00:00,22.2900,22.8500,22.0900,22.8000,629421
15/10/2010 00:00:00,22.7500,22.9000,21.9000,22.2900,568728
14/10/2010 00:00:00,22.4100,23.0700,22.3400,22.6900,1086716
13/10/2010 00:00:00,21.7000,22.4000,21.7000,22.4000,760510
12/10/2010 00:00:00,21.8000,21.8000,21.4000,21.5700,623432
11/10/2010 00:00:00,22.0000,22.0500,21.8000,21.9000,294961
08/10/2010 00:00:00,21.7200,22.0000,21.5500,22.0000,488474
07/10/2010 00:00:00,21.8900,21.9800,21.6100,21.8900,594303
06/10/2010 00:00:00,21.6500,22.1500,21.6100,21.9200,975264
04/10/2010 00:00:00,21.2100,21.4000,20.6600,21.0400,483173
01/10/2010 00:00:00,21.1000,21.4600,21.0100,21.2100,701187
30/09/2010 00:00:00,21.0200,21.1400,20.7000,21.0000,980719
29/09/2010 00:00:00,21.6500,21.7800,21.1100,21.2500,889946
28/09/2010 00:00:00,21.8200,21.8900,21.4100,21.7800,413362
27/09/2010 00:00:00,21.7000,21.9000,21.6100,21.8900,552754
24/09/2010 00:00:00,20.7600,21.7000,20.7600,21.6900,878041
23/09/2010 00:00:00,21.0100,21.1800,20.7200,20.9500,631338
22/09/2010 00:00:00,21.0000,21.2300,20.6800,20.9800,661541
21/09/2010 00:00:00,20.8500,21.2000,20.8000,20.9200,840125
20/09/2010 00:00:00,20.9100,21.0500,20.3200,20.8300,1037182
17/09/2010 00:00:00,21.0600,21.2900,20.3500,20.9400,1159300
16/09/2010 00:00:00,21.1700,21.1700,20.7500,20.8300,426634
15/09/2010 00:00:00,21.0000,21.1800,20.8000,21.0000,367108
14/09/2010 00:00:00,21.2900,21.3500,20.7700,21.0500,496393
13/09/2010 00:00:00,20.8300,21.3400,20.8300,21.2100,874162
10/09/2010 00:00:00,20.4000,20.6000,20.3200,20.6000,747865
09/09/2010 00:00:00,20.5000,20.7800,20.4000,20.5400,528475
08/09/2010 00:00:00,20.4000,20.5500,20.1200,20.5300,767522
07/09/2010 00:00:00,21.2000,21.2000,20.5300,20.5800,740758
06/09/2010 00:00:00,21.4800,21.5500,21.2300,21.2700,402424
03/09/2010 00:00:00,21.0000,21.5800,21.0000,21.3500,896382
02/09/2010 00:00:00,20.6800,21.2000,20.5000,20.9100,1022608
01/09/2010 00:00:00,20.1600,20.7000,20.1600,20.6800,1413037
31/08/2010 00:00:00,19.6500,19.9900,19.3500,19.9900,548809
30/08/2010 00:00:00,20.4000,20.4000,19.8500,19.8800,252691
27/08/2010 00:00:00,19.8700,20.2700,19.6400,20.2700,498121
26/08/2010 00:00:00,20.3100,20.3500,19.7100,19.9800,617058
25/08/2010 00:00:00,20.2000,20.5500,19.6200,19.8800,1266745
24/08/2010 00:00:00,19.9000,19.9600,19.1000,19.4600,724154
23/08/2010 00:00:00,19.9000,20.1900,19.8200,19.9800,488274
20/08/2010 00:00:00,20.1100,20.2700,19.7000,19.7600,672036
19/08/2010 00:00:00,20.8000,20.8900,20.1200,20.1200,546408
18/08/2010 00:00:00,20.8900,21.0300,20.4400,20.6000,410969
17/08/2010 00:00:00,20.0000,20.8500,20.0000,20.8400,639388
16/08/2010 00:00:00,20.6400,20.6800,19.7500,19.8400,756070
13/08/2010 00:00:00,20.7800,20.7900,20.0600,20.5000,498606
12/08/2010 00:00:00,20.9000,21.3800,20.1700,20.4800,1007289
11/08/2010 00:00:00,22.0700,22.0700,21.0100,21.0700,746179
10/08/2010 00:00:00,22.9000,22.9000,21.8700,22.1500,529343
09/08/2010 00:00:00,23.0000,23.1900,22.7000,22.9000,545751
06/08/2010 00:00:00,22.9900,23.2800,22.5500,22.7300,687551
05/08/2010 00:00:00,22.4000,23.2900,22.3100,22.7900,878692
04/08/2010 00:00:00,22.4000,22.5000,22.0500,22.3800,569851
03/08/2010 00:00:00,22.0000,22.4600,21.7100,22.4600,707839
02/08/2010 00:00:00,21.3600,22.0000,21.2600,22.0000,702259
30/07/2010 00:00:00,21.5000,21.7400,20.7200,21.1300,717419
29/07/2010 00:00:00,21.8200,21.9800,21.2500,21.6900,896458
28/07/2010 00:00:00,21.8000,21.9800,21.1400,21.8800,1079211
27/07/2010 00:00:00,21.0000,21.8500,21.0000,21.8000,1492419
26/07/2010 00:00:00,20.1700,21.0000,19.9300,21.0000,1410314
23/07/2010 00:00:00,19.8300,20.1900,19.4100,19.8900,1143942
22/07/2010 00:00:00,18.5900,19.8400,18.5000,19.8400,1049715
21/07/2010 00:00:00,18.5300,18.8400,18.4300,18.6000,422929
20/07/2010 00:00:00,18.6800,18.7100,18.1100,18.3600,306940
19/07/2010 00:00:00,18.5100,18.7800,18.2300,18.4900,477802
16/07/2010 00:00:00,19.1000,19.2000,18.6000,18.7000,515639
15/07/2010 00:00:00,19.6000,19.6800,18.9500,19.1000,483755
14/07/2010 00:00:00,19.8900,19.9400,19.4400,19.6400,733553
13/07/2010 00:00:00,19.0000,19.7200,18.8100,19.7200,705717
12/07/2010 00:00:00,19.1200,19.1200,18.6500,18.9800,483761
09/07/2010 00:00:00,19.1000,19.2300,18.8000,19.1000,565540
08/07/2010 00:00:00,18.6600,18.9900,18.5000,18.9600,996402
07/07/2010 00:00:00,18.1000,18.4800,17.6100,18.3800,810873
06/07/2010 00:00:00,17.7400,18.2000,17.6400,18.1900,1475184
05/07/2010 00:00:00,17.8800,17.8800,17.4500,17.6800,517204
02/07/2010 00:00:00,18.1500,18.1500,17.5300,17.6500,946233
01/07/2010 00:00:00,18.3000,18.3800,17.6000,17.6800,974328
30/06/2010 00:00:00,18.4000,18.9400,18.2400,18.5100,959851
29/06/2010 00:00:00,19.1000,19.1000,18.2000,18.3600,775622
28/06/2010 00:00:00,19.9700,20.0000,19.0100,19.3800,785110
25/06/2010 00:00:00,19.9100,20.2000,19.5000,19.8700,872366
24/06/2010 00:00:00,20.5000,20.5000,19.7000,19.9800,989306
23/06/2010 00:00:00,20.5000,20.6900,20.2200,20.4000,725202
22/06/2010 00:00:00,20.5000,20.8600,20.3300,20.8600,785655
21/06/2010 00:00:00,20.6400,21.1000,20.6000,20.8100,893555
18/06/2010 00:00:00,20.2200,20.4900,20.0100,20.4900,1305489
17/06/2010 00:00:00,20.3000,20.4600,19.8600,20.0000,1048043
16/06/2010 00:00:00,20.6000,20.6900,19.9500,20.2900,902854
15/06/2010 00:00:00,20.1500,20.5900,19.8200,20.3100,1085164
14/06/2010 00:00:00,20.3000,20.5500,20.1300,20.5100,758906
11/06/2010 00:00:00,20.8000,20.9800,19.7800,20.0800,1501787
10/06/2010 00:00:00,19.7600,20.6300,19.3200,20.6100,1066584
09/06/2010 00:00:00,19.7500,19.8800,19.3200,19.8300,791126
08/06/2010 00:00:00,19.9300,20.1600,19.0300,19.4100,842448
07/06/2010 00:00:00,19.6100,20.3000,19.5000,19.8300,700879
04/06/2010 00:00:00,20.9600,21.0000,19.7200,20.1200,1138120
03/06/2010 00:00:00,21.3000,21.4500,20.6500,20.7000,1268462
02/06/2010 00:00:00,20.4900,20.7600,20.0200,20.6500,883359
01/06/2010 00:00:00,20.7600,20.8000,20.0000,20.7800,874896
31/05/2010 00:00:00,20.8000,21.1800,20.6100,20.7500,541691
28/05/2010 00:00:00,21.4500,21.5000,20.3000,20.9200,1576403
27/05/2010 00:00:00,19.4500,21.3500,19.3600,21.3500,2992864
26/05/2010 00:00:00,18.3600,19.3000,18.3300,18.6600,1258278
25/05/2010 00:00:00,18.3000,18.4300,17.7500,17.9100,1538509
24/05/2010 00:00:00,19.7000,19.9000,18.6000,18.9200,676918
21/05/2010 00:00:00,18.5000,19.5000,18.2000,19.2500,1904372
20/05/2010 00:00:00,20.0000,20.3400,18.4200,18.5600,2416165
19/05/2010 00:00:00,20.6300,20.8000,19.4000,19.5100,2531039
18/05/2010 00:00:00,21.5000,21.5700,20.9500,21.1200,677863
17/05/2010 00:00:00,20.0400,21.4100,19.5700,20.7200,1381939
14/05/2010 00:00:00,22.2400,22.3300,20.8900,20.9200,1440992
13/05/2010 00:00:00,22.9800,23.4700,22.4000,22.5600,945862
12/05/2010 00:00:00,21.3000,22.8000,21.0000,22.6900,1980993
11/05/2010 00:00:00,22.9000,22.9000,20.8000,21.7800,2049933
10/05/2010 00:00:00,21.4900,23.0000,20.2000,22.8000,5034608
07/05/2010 00:00:00,18.1000,18.7200,17.0000,17.6000,4043778
06/05/2010 00:00:00,20.5000,21.3800,18.6100,18.6100,2150326
05/05/2010 00:00:00,21.3300,21.8700,20.3100,20.7900,2149030
04/05/2010 00:00:00,23.8000,23.8000,21.2100,21.5000,2236971
03/05/2010 00:00:00,23.5000,23.7600,22.8200,23.4900,1062062
30/04/2010 00:00:00,23.5000,24.0900,23.0300,23.3400,1861547
