Date,Open Price,High,Low,Close Price,Volume,
13/03/2015 00:00:00,287.3000,289.4000,274.5000,277.3500,40434712
12/03/2015 00:00:00,292.8500,293.5000,283.5500,285.7500,37220552
11/03/2015 00:00:00,287.9000,290.1000,279.9650,285.6500,64084180
10/03/2015 00:00:00,297.0000,298.5500,287.1500,287.4000,60155828
09/03/2015 00:00:00,288.6000,298.6500,286.0000,296.9000,32061759
06/03/2015 00:00:00,290.7500,297.9500,287.8500,289.5000,43414490
05/03/2015 00:00:00,283.7500,292.3546,279.4500,291.8500,38466966
04/03/2015 00:00:00,285.0000,286.4500,278.5500,283.2500,56963958
03/03/2015 00:00:00,297.0000,297.0000,286.5500,291.2000,35554115
02/03/2015 00:00:00,303.0000,306.7500,298.5500,300.5500,39872569
27/02/2015 00:00:00,298.8000,302.9500,296.7690,300.2500,26100173
26/02/2015 00:00:00,296.1000,307.0000,296.1000,299.7000,35300659
25/02/2015 00:00:00,295.0500,300.9000,292.4500,299.1000,27293767
24/02/2015 00:00:00,287.9000,296.9500,286.5500,295.4000,34695469
23/02/2015 00:00:00,294.5000,294.7500,285.9500,287.1000,27291115
20/02/2015 00:00:00,284.0000,292.6106,282.8750,292.1000,38818187
19/02/2015 00:00:00,288.5000,290.0500,281.7000,283.5500,26327850
18/02/2015 00:00:00,286.0500,290.3500,284.8500,289.4500,28862419
17/02/2015 00:00:00,287.2000,293.0000,282.9210,287.4500,33912852
16/02/2015 00:00:00,286.6000,292.5500,286.6000,289.7500,20771243
13/02/2015 00:00:00,280.0000,288.4000,279.9000,286.6000,35303367
12/02/2015 00:00:00,270.3500,279.7500,270.3500,276.9000,27199138
11/02/2015 00:00:00,271.0500,274.6000,267.8500,271.7000,27996455
10/02/2015 00:00:00,277.1500,277.5000,268.4000,271.0500,42682546
09/02/2015 00:00:00,264.5000,276.2000,263.0000,275.6000,33934489
06/02/2015 00:00:00,269.6500,270.4000,263.3500,265.4000,30284085
05/02/2015 00:00:00,264.2500,269.1500,259.2500,268.8500,31885371
04/02/2015 00:00:00,270.4000,274.9500,258.9345,267.0000,54855831
03/02/2015 00:00:00,260.0000,269.4638,258.0515,269.3500,66285366
02/02/2015 00:00:00,249.2500,253.9060,246.2000,253.1000,34164949
30/01/2015 00:00:00,252.1500,255.8000,244.7500,248.9000,43383492
29/01/2015 00:00:00,257.0500,257.3520,248.9000,250.4000,34969527
28/01/2015 00:00:00,256.7500,259.5500,253.5630,257.9500,31929127
27/01/2015 00:00:00,254.5500,257.3500,251.7000,254.1500,32130512
26/01/2015 00:00:00,241.0000,253.1668,240.5500,252.7000,39043170
23/01/2015 00:00:00,264.0000,264.6000,246.9500,249.4000,56609731
22/01/2015 00:00:00,258.7000,269.9000,258.7000,264.8000,48745975
21/01/2015 00:00:00,258.9000,259.6603,251.2500,258.0000,68163513
20/01/2015 00:00:00,249.1000,258.0900,247.0000,257.4500,37921292
19/01/2015 00:00:00,255.0000,257.4051,246.8000,247.7000,27248991
16/01/2015 00:00:00,240.5000,255.5500,239.1000,252.5500,50166070
15/01/2015 00:00:00,249.0000,250.0000,237.9000,240.6000,60610837
14/01/2015 00:00:00,255.5500,255.5500,236.2000,244.0000,108529833
13/01/2015 00:00:00,279.0000,279.0000,268.0000,268.9500,38672445
12/01/2015 00:00:00,287.4000,287.4000,277.1000,279.4500,21287886
09/01/2015 00:00:00,292.2500,292.2500,284.6500,286.2000,21976448
08/01/2015 00:00:00,288.0000,293.2500,285.7000,292.4500,24402752
07/01/2015 00:00:00,286.1500,287.7000,281.3500,284.8000,19080066
06/01/2015 00:00:00,282.4000,287.6000,278.2000,284.1000,27900210
05/01/2015 00:00:00,297.0000,299.1500,281.6500,282.5000,32667636
02/01/2015 00:00:00,301.1500,302.5500,293.6500,297.1000,15960991
30/12/2014 00:00:00,300.0000,301.2000,296.7000,298.8000,4985230
29/12/2014 00:00:00,300.1000,303.8000,299.6000,302.0000,16333226
23/12/2014 00:00:00,299.0500,301.5500,299.0500,300.4000,4554226
22/12/2014 00:00:00,299.8500,305.0000,296.1000,297.2000,16757792
19/12/2014 00:00:00,292.5500,298.6000,290.5000,297.9000,37021440
18/12/2014 00:00:00,298.5500,299.0000,287.7000,290.0000,39476769
17/12/2014 00:00:00,280.8500,294.1000,279.2500,292.4500,29508394
16/12/2014 00:00:00,279.3500,286.4500,276.1500,286.4500,48756051
15/12/2014 00:00:00,286.4500,291.0000,280.0000,280.0000,61021365
12/12/2014 00:00:00,293.0000,293.1000,287.4500,288.0000,38048090
11/12/2014 00:00:00,305.6000,306.4500,293.9903,294.8500,38356395
10/12/2014 00:00:00,312.0500,314.3611,306.2500,306.3000,26986958
09/12/2014 00:00:00,311.5000,315.7000,303.6000,311.9500,32367141
08/12/2014 00:00:00,315.0000,316.0500,312.8000,314.1500,28187523
05/12/2014 00:00:00,320.9000,320.9000,314.3000,316.5000,21176781
04/12/2014 00:00:00,323.5000,325.7000,318.4000,319.7000,19644182
03/12/2014 00:00:00,318.5500,324.9000,316.8000,322.6000,17365965
02/12/2014 00:00:00,318.3500,324.9500,317.3000,319.8000,23573896
01/12/2014 00:00:00,308.0000,321.6000,302.2690,317.0000,42129235
28/11/2014 00:00:00,326.3000,328.9500,319.6500,320.4000,47363200
27/11/2014 00:00:00,330.8000,332.0500,326.2500,327.2000,22501281
26/11/2014 00:00:00,331.9500,334.6500,330.3000,331.1000,21194581
25/11/2014 00:00:00,331.7000,333.2500,328.5000,331.3000,23711589
24/11/2014 00:00:00,338.0000,338.0000,331.8000,332.5000,25393907
21/11/2014 00:00:00,324.3000,339.0000,323.4500,336.2500,83777895
20/11/2014 00:00:00,325.3000,327.3768,319.8681,323.4500,26820365
19/11/2014 00:00:00,330.0000,330.5430,327.0500,328.6500,25584961
18/11/2014 00:00:00,330.9500,333.5500,328.2000,331.6500,22712632
17/11/2014 00:00:00,327.2000,333.5000,327.2000,331.7500,14558905
14/11/2014 00:00:00,328.0000,328.5000,324.2500,328.3500,24637250
13/11/2014 00:00:00,330.5500,331.4000,327.0300,328.9500,38553230
12/11/2014 00:00:00,326.6000,330.6500,325.6519,330.0500,22577979
11/11/2014 00:00:00,325.4500,327.1000,321.1500,327.0500,19830932
10/11/2014 00:00:00,327.0000,330.5000,325.3000,327.0500,24793345
07/11/2014 00:00:00,320.2500,328.0000,320.1000,325.3000,30981183
06/11/2014 00:00:00,313.4000,322.1000,312.3500,319.0000,43649224
05/11/2014 00:00:00,311.6000,315.0000,308.0500,315.0000,29608267
04/11/2014 00:00:00,312.0000,319.9500,309.1000,310.6000,43545119
03/11/2014 00:00:00,317.6500,321.3463,314.7000,314.9500,33771332
31/10/2014 00:00:00,320.5000,322.1500,316.0000,319.9000,30775724
30/10/2014 00:00:00,322.8500,323.5000,312.6819,317.1000,40167383
29/10/2014 00:00:00,322.4000,328.0500,322.4000,323.7000,23386105
28/10/2014 00:00:00,314.5000,321.2500,313.4500,319.4500,23262210
27/10/2014 00:00:00,319.8500,319.9750,309.0000,312.6500,25212175
24/10/2014 00:00:00,319.6500,320.1500,315.5500,316.9500,24147573
23/10/2014 00:00:00,317.9000,322.2000,314.9000,321.4000,24673837
22/10/2014 00:00:00,324.1000,325.6500,319.0000,320.7000,25771512
21/10/2014 00:00:00,316.1000,325.4500,314.6000,323.3000,29162672
20/10/2014 00:00:00,321.5500,322.7730,317.7500,318.2000,18145447
17/10/2014 00:00:00,318.0000,322.8965,313.7000,321.4000,35355608
16/10/2014 00:00:00,319.1500,321.2739,308.1000,317.4000,55564222
15/10/2014 00:00:00,328.0000,328.0000,314.6500,316.2500,43064344
14/10/2014 00:00:00,318.6000,328.5000,318.2000,326.1500,37089862
13/10/2014 00:00:00,310.2500,322.2500,309.8120,320.6000,46885466
10/10/2014 00:00:00,315.5500,317.5000,309.6500,312.2500,62683555
09/10/2014 00:00:00,329.1000,332.1500,321.6490,321.7500,42705763
08/10/2014 00:00:00,329.6000,332.2500,325.0500,326.6500,31802764
07/10/2014 00:00:00,343.1000,344.5200,330.9000,331.0500,59566747
06/10/2014 00:00:00,332.9000,341.5000,331.5000,339.3500,25824172
03/10/2014 00:00:00,335.0000,335.2500,328.4500,332.6000,28190878
02/10/2014 00:00:00,335.5500,337.4000,330.2500,330.2500,27644713
01/10/2014 00:00:00,341.3500,342.5500,334.4500,336.4500,27824594
30/09/2014 00:00:00,344.0000,345.7000,340.4000,343.2000,37524266
29/09/2014 00:00:00,339.1500,340.2339,334.7500,339.5000,18077279
26/09/2014 00:00:00,342.0500,343.4500,338.3000,340.2500,27761947
25/09/2014 00:00:00,348.7000,348.7000,338.7500,342.1000,32286223
24/09/2014 00:00:00,344.3000,350.2548,342.1500,349.3000,29586998
23/09/2014 00:00:00,344.7000,345.7000,338.3000,344.2500,32458502
22/09/2014 00:00:00,350.0000,352.0500,320.0000,341.9000,48622092
19/09/2014 00:00:00,360.7000,361.1000,356.0000,359.4500,109268468
18/09/2014 00:00:00,357.0000,358.2000,354.7000,357.8000,24484630
17/09/2014 00:00:00,354.5000,356.4500,353.7500,355.2000,24520319
16/09/2014 00:00:00,355.0000,355.6000,351.2500,353.0500,26874492
15/09/2014 00:00:00,358.0500,358.6450,354.0510,355.5000,25127776
12/09/2014 00:00:00,360.4500,362.0000,357.3000,358.7500,35007205
11/09/2014 00:00:00,362.1500,363.0500,358.0400,361.1000,22778572
10/09/2014 00:00:00,364.9500,367.8500,361.2500,362.4500,21354768
09/09/2014 00:00:00,368.8000,371.8000,363.7500,366.0000,24339299
08/09/2014 00:00:00,366.3000,370.5500,365.3500,368.8000,15478312
05/09/2014 00:00:00,371.0000,371.3000,365.1000,367.0000,21684822
04/09/2014 00:00:00,368.0000,373.6500,367.8030,371.4500,21949414
03/09/2014 00:00:00,368.0000,373.7000,365.1990,369.8000,29824646
02/09/2014 00:00:00,363.0000,369.0000,363.0000,367.5500,25064703
01/09/2014 00:00:00,362.0500,363.9500,360.0000,361.8500,11110897
29/08/2014 00:00:00,361.4000,364.6327,360.1000,362.4000,22874807
28/08/2014 00:00:00,366.0000,368.3500,359.5000,360.5000,25505086
27/08/2014 00:00:00,363.2500,368.5500,361.9367,366.7500,23372189
26/08/2014 00:00:00,361.5500,364.7339,359.0500,363.2500,22385908
22/08/2014 00:00:00,361.8500,362.4500,358.7000,360.1000,19521155
21/08/2014 00:00:00,359.9000,364.0000,357.8000,362.0000,23133599
20/08/2014 00:00:00,365.0000,365.0000,356.6000,360.5000,30387515
19/08/2014 00:00:00,364.9000,368.2500,358.3500,358.9500,22216509
18/08/2014 00:00:00,361.2500,365.5355,360.4830,364.1000,15877357
15/08/2014 00:00:00,361.7500,366.7500,357.9500,358.8000,19491815
14/08/2014 00:00:00,361.8000,364.6500,357.9500,360.6500,23496409
13/08/2014 00:00:00,376.4000,376.5000,362.5500,365.5000,28564347
12/08/2014 00:00:00,373.1500,376.0500,371.9500,375.0000,22355262
11/08/2014 00:00:00,366.5500,375.4500,366.0000,373.6000,25411862
08/08/2014 00:00:00,356.5000,366.5341,353.4000,365.0000,24798482
07/08/2014 00:00:00,360.0000,367.7500,356.5500,358.3000,20381370
06/08/2014 00:00:00,356.4500,360.0546,352.1500,360.0500,25993107
05/08/2014 00:00:00,360.4500,360.6500,356.8000,359.3500,17434183
04/08/2014 00:00:00,360.0000,361.7500,357.8000,359.7500,13909804
01/08/2014 00:00:00,357.0000,359.8500,349.6490,356.1500,40572184
31/07/2014 00:00:00,369.5000,371.4000,358.9000,360.0500,29857469
30/07/2014 00:00:00,374.9000,375.0000,368.4000,371.5000,28988351
29/07/2014 00:00:00,372.5500,376.9500,371.1500,376.0500,17921935
28/07/2014 00:00:00,377.8000,379.4500,368.2500,371.9500,24982018
25/07/2014 00:00:00,375.0000,378.1000,372.9540,377.5000,20678249
24/07/2014 00:00:00,372.5500,376.0000,371.3000,375.9000,25372844
23/07/2014 00:00:00,369.5000,374.8000,368.8000,373.0000,32947392
22/07/2014 00:00:00,360.0000,369.7000,359.2500,369.5000,41324580
21/07/2014 00:00:00,356.2000,359.7500,354.3000,358.3500,28003484
18/07/2014 00:00:00,352.1000,356.9000,350.2500,356.9000,22675413
17/07/2014 00:00:00,356.7500,357.7500,353.0000,354.0000,36907872
16/07/2014 00:00:00,347.7500,359.8500,346.4000,359.0000,43866110
15/07/2014 00:00:00,346.9000,348.9000,345.1000,346.4000,23897997
14/07/2014 00:00:00,343.1000,347.7000,342.1100,347.0000,21421790
11/07/2014 00:00:00,342.4000,343.9500,338.2500,343.3000,16573529
10/07/2014 00:00:00,344.3500,347.3500,340.9000,342.7000,25848384
09/07/2014 00:00:00,345.1000,346.1000,341.2247,346.1000,19760940
08/07/2014 00:00:00,343.0000,346.8000,342.3500,344.1000,33021325
07/07/2014 00:00:00,341.4000,342.5000,339.2500,342.5000,19619970
04/07/2014 00:00:00,341.4500,343.5000,339.2500,342.2000,17007921
03/07/2014 00:00:00,336.3000,345.0000,334.6500,341.5000,32778968
02/07/2014 00:00:00,333.3000,336.6000,330.9500,336.0000,20888260
01/07/2014 00:00:00,327.9000,333.7500,327.3000,333.2000,28030380
30/06/2014 00:00:00,323.5000,327.2000,323.5000,325.5500,17601425
27/06/2014 00:00:00,324.3000,325.0000,322.8000,324.1000,14139295
26/06/2014 00:00:00,326.0000,327.9500,322.5000,324.5500,11440969
25/06/2014 00:00:00,327.1000,327.1000,322.0000,324.1500,16680684
24/06/2014 00:00:00,329.0000,330.4000,325.0000,328.0500,17175712
23/06/2014 00:00:00,329.7500,330.1500,327.0000,329.4500,21223724
20/06/2014 00:00:00,325.4500,329.0000,324.7500,328.0000,34578713
19/06/2014 00:00:00,328.2000,330.3000,325.4000,325.4000,15631287
18/06/2014 00:00:00,325.5500,328.1000,325.2500,325.6500,14871184
17/06/2014 00:00:00,324.5500,326.4000,322.0000,325.3000,28936790
16/06/2014 00:00:00,317.9500,325.1000,317.5000,322.5000,25615156
13/06/2014 00:00:00,318.4500,320.2000,315.6000,318.0000,17038711
12/06/2014 00:00:00,322.9500,323.1500,319.1000,320.0000,18052987
11/06/2014 00:00:00,321.5000,325.1000,321.4179,324.2000,17068292
10/06/2014 00:00:00,325.3500,325.5500,321.5500,323.2000,23752380
09/06/2014 00:00:00,325.7500,327.6500,325.0830,326.3000,7661844
06/06/2014 00:00:00,324.1500,326.7000,323.6000,325.0000,14991097
05/06/2014 00:00:00,323.8000,326.4000,322.6000,324.5000,17456834
04/06/2014 00:00:00,324.3000,326.8000,323.2000,324.8000,17909296
03/06/2014 00:00:00,327.0000,329.1500,323.7000,325.1000,19648083
02/06/2014 00:00:00,324.9500,329.8000,324.4000,327.8500,16966351
30/05/2014 00:00:00,326.6500,327.6440,322.0500,323.3500,26895835
29/05/2014 00:00:00,328.0000,329.3000,327.5000,328.2500,9597347
28/05/2014 00:00:00,328.6500,330.0500,326.9500,328.0000,13040929
27/05/2014 00:00:00,331.0000,332.3000,328.1000,328.6000,13484800
23/05/2014 00:00:00,329.3500,330.1500,327.8500,329.6500,9708970
22/05/2014 00:00:00,328.0000,332.1000,327.9000,328.8000,18608213
21/05/2014 00:00:00,325.5000,327.3500,322.6000,326.4500,22220831
20/05/2014 00:00:00,327.9500,329.2500,325.8000,327.5000,17376199
19/05/2014 00:00:00,326.3000,328.3500,325.2000,327.6000,15880896
16/05/2014 00:00:00,326.4500,327.8500,320.4500,325.6000,22789591
15/05/2014 00:00:00,329.0000,331.9500,325.2000,326.4000,28432252
14/05/2014 00:00:00,326.1000,328.0000,323.3000,327.4000,15484680
13/05/2014 00:00:00,330.5500,335.7000,329.8000,330.6500,32745368
12/05/2014 00:00:00,328.4000,331.3500,327.8500,329.5500,23521829
09/05/2014 00:00:00,326.9500,328.6249,324.0000,325.5000,13346781
08/05/2014 00:00:00,325.0000,328.2907,324.7965,326.6000,21785805
07/05/2014 00:00:00,320.3500,323.7500,318.3000,323.4000,17291516
06/05/2014 00:00:00,319.4500,321.9500,315.6000,320.7500,23041998
02/05/2014 00:00:00,316.4500,319.5000,314.1000,319.2500,21762234
01/05/2014 00:00:00,319.9500,319.9500,314.5500,316.0500,11042701
30/04/2014 00:00:00,313.3500,319.5500,311.8500,318.5000,55779305
29/04/2014 00:00:00,312.7500,315.6500,310.9500,315.5500,14411373
28/04/2014 00:00:00,316.2500,316.2880,310.5500,312.5500,16915695
25/04/2014 00:00:00,315.0000,316.8000,314.0500,316.0000,12809795
24/04/2014 00:00:00,316.5500,319.2392,315.0000,316.0000,18143555
23/04/2014 00:00:00,315.3000,316.2000,313.0000,315.0500,13838791
22/04/2014 00:00:00,313.0000,316.5500,310.2500,314.8500,20354833
17/04/2014 00:00:00,314.2500,315.8500,311.2500,314.1500,21223792
16/04/2014 00:00:00,314.6500,317.4000,310.9495,313.9500,19029858
15/04/2014 00:00:00,316.4500,318.1500,311.0500,312.4000,20558013
14/04/2014 00:00:00,312.5000,318.1000,312.5000,317.9000,26938148
11/04/2014 00:00:00,310.6500,315.6762,309.2000,311.6000,18956630
10/04/2014 00:00:00,313.0000,316.8000,310.3500,314.3000,17765259
09/04/2014 00:00:00,314.9000,320.0000,312.6000,312.7500,26572575
08/04/2014 00:00:00,317.3000,320.0700,312.2500,316.0000,29137523
07/04/2014 00:00:00,315.6500,319.3000,312.4759,316.6500,22850963
04/04/2014 00:00:00,312.8500,320.0115,312.6500,318.7000,22063078
03/04/2014 00:00:00,312.4500,315.4000,310.5500,313.2500,19619117
02/04/2014 00:00:00,310.0000,315.8000,309.3500,313.3000,24698398
01/04/2014 00:00:00,311.2500,313.0000,308.3500,309.4000,21543233
31/03/2014 00:00:00,314.2500,316.1540,307.1000,308.8000,23972192
28/03/2014 00:00:00,311.1500,316.0000,310.5144,313.2500,18919576
27/03/2014 00:00:00,308.0000,310.8000,304.7500,307.1000,24275456
26/03/2014 00:00:00,314.0000,316.3720,309.6000,311.1000,19491247
25/03/2014 00:00:00,307.9500,312.9500,307.8500,312.0000,24206837
24/03/2014 00:00:00,304.5000,310.6000,303.3000,305.7500,21326944
21/03/2014 00:00:00,303.0000,307.5000,300.8500,303.6000,50992543
20/03/2014 00:00:00,299.8500,304.2500,298.3000,301.3500,29492499
19/03/2014 00:00:00,310.0000,310.3500,299.6000,301.3000,37374666
18/03/2014 00:00:00,307.8000,314.1000,305.1500,311.4500,37811343
17/03/2014 00:00:00,298.1000,309.3500,297.5340,306.6000,41471848
14/03/2014 00:00:00,302.1000,306.9300,295.8000,297.0000,51900519
13/03/2014 00:00:00,311.7500,312.5000,303.7500,304.7000,28198830
12/03/2014 00:00:00,311.0000,312.1500,304.0000,309.5000,55353311
11/03/2014 00:00:00,318.0000,326.6300,312.2000,313.2000,50544799
10/03/2014 00:00:00,319.1000,326.6300,314.0000,317.0000,48670961
07/03/2014 00:00:00,339.6000,340.5252,322.2500,324.8500,40645783
06/03/2014 00:00:00,334.3500,342.6500,334.3500,339.9500,27683182
05/03/2014 00:00:00,328.3000,334.6000,328.3000,332.2000,22609879
04/03/2014 00:00:00,337.0000,337.5282,330.4500,331.8500,43519662
03/03/2014 00:00:00,323.0000,330.0000,322.8500,326.2500,27223668
28/02/2014 00:00:00,329.0500,331.2500,326.7500,329.2000,22978142
27/02/2014 00:00:00,328.6000,332.7700,325.6000,329.7000,27654438
26/02/2014 00:00:00,332.7000,335.5500,328.9000,329.8500,26373971
25/02/2014 00:00:00,333.6500,335.3500,328.9250,334.0000,52771357
24/02/2014 00:00:00,337.1500,340.3900,334.6000,336.5000,28271022
21/02/2014 00:00:00,334.0000,340.1500,332.7940,339.0500,35102241
20/02/2014 00:00:00,341.5000,347.0560,336.6500,340.4500,33156727
19/02/2014 00:00:00,346.0000,348.3000,344.1500,347.8500,26874399
18/02/2014 00:00:00,344.1500,347.0620,339.2500,345.4000,31792883
17/02/2014 00:00:00,340.0000,345.5000,337.6912,344.0500,28364860
14/02/2014 00:00:00,332.4500,339.7500,332.4500,338.1000,25877905
13/02/2014 00:00:00,337.0000,339.7131,328.4500,332.0500,33461264
12/02/2014 00:00:00,334.9500,339.7131,324.9862,337.1500,41268682
11/02/2014 00:00:00,328.7000,334.0000,325.1394,332.8500,32098652
10/02/2014 00:00:00,327.3000,327.8470,323.7500,326.0500,14062508
07/02/2014 00:00:00,325.0000,327.3500,321.7500,325.4000,25688318
06/02/2014 00:00:00,315.0000,323.4000,313.2500,322.5000,31500431
05/02/2014 00:00:00,312.1500,315.7000,309.8000,313.0000,23891465
04/02/2014 00:00:00,311.6000,315.8500,308.0500,313.2500,29452278
03/02/2014 00:00:00,321.2500,324.3000,314.2080,314.9000,34117706
31/01/2014 00:00:00,322.6000,325.6000,317.7500,322.5000,27394017
30/01/2014 00:00:00,323.3500,326.0500,320.5500,323.6500,20506133
29/01/2014 00:00:00,328.6000,334.3500,320.8500,323.8000,33807085
28/01/2014 00:00:00,322.5000,326.4000,320.8000,323.8000,19459344
27/01/2014 00:00:00,321.3500,328.3000,319.2000,321.3000,23133941
24/01/2014 00:00:00,332.8000,332.8000,323.6500,325.4000,32590441
23/01/2014 00:00:00,333.0000,335.9500,329.4000,332.1000,24109083
22/01/2014 00:00:00,335.8500,340.0000,333.7000,335.0000,22087067
21/01/2014 00:00:00,337.9500,339.1000,331.1000,333.7000,25144904
20/01/2014 00:00:00,335.5000,341.0500,334.6045,338.0000,25885763
17/01/2014 00:00:00,328.6500,339.7500,328.6500,338.1500,49438584
16/01/2014 00:00:00,323.0000,331.3000,322.0000,327.2000,30167269
15/01/2014 00:00:00,318.5500,320.7000,317.8500,319.4500,17554223
14/01/2014 00:00:00,315.6500,319.6000,314.6000,317.4000,13849749
13/01/2014 00:00:00,322.0000,322.9500,317.5000,318.9500,17541375
10/01/2014 00:00:00,315.8000,321.6894,309.0000,318.7500,38988497
09/01/2014 00:00:00,315.8500,316.7500,308.8000,309.6500,21725768
08/01/2014 00:00:00,309.7500,316.9500,308.6286,314.8000,21049324
07/01/2014 00:00:00,307.0000,310.6500,304.0000,308.8500,21325673
06/01/2014 00:00:00,307.0000,308.4500,305.7000,306.3000,15701167
03/01/2014 00:00:00,309.5000,310.6000,305.7000,307.5000,14695260
02/01/2014 00:00:00,314.0500,314.4000,307.9000,310.5000,19008353
31/12/2013 00:00:00,315.0000,317.6000,312.3500,312.7000,16451055
30/12/2013 00:00:00,315.6500,320.9000,314.7500,316.3500,10535568
27/12/2013 00:00:00,310.0000,316.1330,306.8500,315.7000,13510329
24/12/2013 00:00:00,310.0000,310.0000,305.5000,308.0500,7784803
23/12/2013 00:00:00,306.3000,310.0500,303.6500,310.0500,13072605
20/12/2013 00:00:00,305.0000,310.1500,304.0000,306.4000,53357199
19/12/2013 00:00:00,308.0000,309.3500,302.9500,307.8500,28658739
18/12/2013 00:00:00,307.5000,309.5510,305.0000,306.7500,17938155
17/12/2013 00:00:00,303.3000,309.9000,303.3000,308.0000,16779255
16/12/2013 00:00:00,300.1000,307.9693,297.2000,305.4000,15737884
13/12/2013 00:00:00,300.2500,303.8500,298.4500,301.0500,18887885
12/12/2013 00:00:00,302.3500,306.6000,296.3500,300.2000,23122299
11/12/2013 00:00:00,306.1000,309.9000,303.6000,304.9500,17885197
10/12/2013 00:00:00,305.0000,308.8500,304.2000,306.2000,16914935
09/12/2013 00:00:00,305.0000,308.8500,302.8500,307.9000,19326734
06/12/2013 00:00:00,304.4500,309.4980,302.8500,306.5500,18905084
05/12/2013 00:00:00,303.0000,308.1000,302.1000,305.6000,16277458
04/12/2013 00:00:00,306.8000,309.4000,303.7000,305.1000,18072217
03/12/2013 00:00:00,304.9500,308.2000,299.0000,304.3000,25740912
02/12/2013 00:00:00,309.2500,311.5716,305.5500,306.0000,23409815
29/11/2013 00:00:00,310.0000,314.1443,309.2000,309.8500,14497573
28/11/2013 00:00:00,308.1500,314.6901,307.2000,312.2500,14818790
27/11/2013 00:00:00,304.4500,310.2500,303.9000,307.1500,16992672
26/11/2013 00:00:00,310.0000,310.4537,303.9324,304.8000,45014031
25/11/2013 00:00:00,311.3500,314.7500,310.8140,312.0500,14432622
22/11/2013 00:00:00,315.0000,315.0000,309.7500,311.8000,20399729
21/11/2013 00:00:00,316.0000,317.1500,313.9500,315.2500,20270125
20/11/2013 00:00:00,320.0000,320.2380,316.4748,318.8000,22936792
19/11/2013 00:00:00,324.5500,326.3500,320.0000,321.0000,20613202
18/11/2013 00:00:00,323.1000,328.4500,323.1000,326.9000,13780138
15/11/2013 00:00:00,325.1000,329.1794,323.2500,324.0500,22628174
14/11/2013 00:00:00,329.7500,330.3000,321.1500,324.2000,29243109
13/11/2013 00:00:00,331.0000,331.3000,323.9000,324.9000,34173726
12/11/2013 00:00:00,330.9000,332.5500,327.1000,331.5000,16528729
11/11/2013 00:00:00,332.0000,333.0000,326.6500,330.7500,11652074
08/11/2013 00:00:00,330.2000,337.3289,324.9000,331.3000,23501756
07/11/2013 00:00:00,338.6500,342.0401,331.4500,333.0000,45944063
06/11/2013 00:00:00,343.9000,345.0000,339.7000,341.9000,16846768
05/11/2013 00:00:00,335.5500,343.0500,335.0871,341.8000,25151873
04/11/2013 00:00:00,331.0000,335.9500,330.9500,335.4000,20245732
01/11/2013 00:00:00,336.9500,341.0000,330.8000,332.2500,28108285
31/10/2013 00:00:00,344.9000,347.5500,337.5500,340.0000,30754336
30/10/2013 00:00:00,343.0000,346.8182,342.8000,345.0500,22274702
29/10/2013 00:00:00,340.0000,342.8000,338.5500,342.2500,14085008
28/10/2013 00:00:00,345.0000,348.1304,338.8500,340.9500,27858133
25/10/2013 00:00:00,337.4500,343.6000,337.2500,342.5000,21390146
24/10/2013 00:00:00,340.7000,343.6000,339.7000,340.2000,18185360
23/10/2013 00:00:00,339.8000,341.3500,337.0000,340.2000,20017964
22/10/2013 00:00:00,338.2000,345.0000,336.2830,341.5500,18966023
21/10/2013 00:00:00,336.3000,339.5500,335.4000,337.9500,11309286
18/10/2013 00:00:00,333.3000,336.9500,330.8500,334.9000,21169163
17/10/2013 00:00:00,329.3000,330.9990,325.9000,330.5000,14088137
16/10/2013 00:00:00,335.3000,338.1000,328.8500,331.2000,19574794
15/10/2013 00:00:00,333.0500,338.2000,333.0500,336.0000,18587417
14/10/2013 00:00:00,330.1000,335.5000,329.1500,331.2000,20535967
11/10/2013 00:00:00,330.7000,336.8500,328.7500,335.9000,22512212
10/10/2013 00:00:00,323.5000,330.9000,321.3000,326.6500,20067290
09/10/2013 00:00:00,326.7500,329.6000,320.6000,322.5500,17008084
08/10/2013 00:00:00,330.1000,330.5500,324.4775,327.3000,16044162
07/10/2013 00:00:00,331.0000,332.3500,326.3000,331.4500,13236563
04/10/2013 00:00:00,329.0500,331.8000,326.2500,331.0000,10928188
03/10/2013 00:00:00,334.0000,338.0000,329.0000,330.0000,11723016
02/10/2013 00:00:00,329.3000,335.4500,323.5000,334.1500,18505716
01/10/2013 00:00:00,336.7000,338.4000,324.8000,330.5000,24847008
30/09/2013 00:00:00,337.7000,337.8000,332.5500,336.7000,22104739
27/09/2013 00:00:00,344.0000,348.0500,338.2000,344.0000,25387736
26/09/2013 00:00:00,336.5500,346.0000,336.1000,344.7500,22289904
25/09/2013 00:00:00,336.4000,339.4500,333.8000,339.4500,19094356
24/09/2013 00:00:00,336.2500,338.9500,333.5500,338.1000,16319419
23/09/2013 00:00:00,338.2500,340.0000,335.1000,336.6500,15314228
20/09/2013 00:00:00,337.4000,345.0000,335.5500,340.4500,103123348
19/09/2013 00:00:00,345.0000,345.0000,338.7000,340.3000,38389615
18/09/2013 00:00:00,333.3500,335.6500,328.3000,331.2000,19779157
17/09/2013 00:00:00,336.3000,337.2000,331.5000,334.2000,36676920
16/09/2013 00:00:00,345.0000,347.0000,341.5000,341.9000,20504376
13/09/2013 00:00:00,341.4500,341.5000,333.2000,341.5000,32758156
12/09/2013 00:00:00,339.4000,343.8500,336.1500,343.6500,40347982
11/09/2013 00:00:00,330.5000,339.0000,328.6000,339.0000,40348797
10/09/2013 00:00:00,332.0000,338.9500,327.3500,328.7500,43626390
09/09/2013 00:00:00,320.0000,322.3000,317.1470,321.3000,18971523
06/09/2013 00:00:00,313.8500,320.1000,313.2000,318.3500,22111166
05/09/2013 00:00:00,315.8500,319.1000,314.3000,316.0500,19795878
04/09/2013 00:00:00,314.0000,315.3500,310.2500,315.3500,16731033
03/09/2013 00:00:00,314.6000,315.2500,308.9000,312.2000,15276542
02/09/2013 00:00:00,311.0000,316.6890,310.0500,312.0500,17740514
30/08/2013 00:00:00,309.1500,312.4500,303.8000,305.2000,52201468
29/08/2013 00:00:00,312.5500,314.3500,307.6500,308.0500,16993003
28/08/2013 00:00:00,308.1000,311.4500,303.8629,311.3500,18862267
27/08/2013 00:00:00,316.8500,316.9500,311.0000,314.2000,32658250
23/08/2013 00:00:00,312.6500,322.2000,311.1000,317.0000,28659333
22/08/2013 00:00:00,306.2500,316.8500,304.7900,313.8500,30332816
21/08/2013 00:00:00,298.0500,306.6000,297.7500,304.7500,37062118
20/08/2013 00:00:00,297.0000,299.5500,289.8500,297.1500,32140869
19/08/2013 00:00:00,306.0000,306.0000,299.8000,301.9500,20491469
16/08/2013 00:00:00,303.1500,310.0000,300.5000,308.3500,27011345
15/08/2013 00:00:00,307.5000,310.0500,297.4000,301.8000,28060242
14/08/2013 00:00:00,307.0000,312.0000,302.6500,308.2000,24650514
13/08/2013 00:00:00,301.0000,309.9000,300.8500,307.4500,31056834
12/08/2013 00:00:00,297.2500,302.5584,291.6000,301.4000,25561484
09/08/2013 00:00:00,281.5000,298.0000,279.5000,297.5000,44754553
08/08/2013 00:00:00,273.0000,282.3000,272.5500,280.4000,27260619
07/08/2013 00:00:00,274.3500,278.0000,268.0000,270.4500,24112716
06/08/2013 00:00:00,288.2500,289.6500,273.2000,275.6500,30326145
05/08/2013 00:00:00,288.1500,294.8000,287.0000,289.6000,12388687
02/08/2013 00:00:00,294.9000,294.9000,286.0000,287.8500,15309375
01/08/2013 00:00:00,280.2000,289.5500,279.6000,289.5500,26823504
31/07/2013 00:00:00,277.7000,283.4500,276.2500,277.5000,15934456
30/07/2013 00:00:00,282.0000,283.2000,278.4000,278.6000,12977947
29/07/2013 00:00:00,281.2000,284.5000,279.8500,280.8000,16471694
26/07/2013 00:00:00,283.0000,285.5000,279.2661,281.0000,17949485
25/07/2013 00:00:00,285.4000,285.8500,277.3000,280.8000,18074469
24/07/2013 00:00:00,282.0000,299.0000,283.1500,287.2500,55076829
23/07/2013 00:00:00,271.8000,284.9000,270.9803,282.7000,39001077
22/07/2013 00:00:00,272.0000,275.0000,267.6500,269.0000,18306633
19/07/2013 00:00:00,271.9000,275.3000,268.0000,272.4000,21275787
18/07/2013 00:00:00,271.6000,275.4500,267.8500,273.3000,22705920
17/07/2013 00:00:00,266.6000,275.0500,265.5500,271.9500,25220524
16/07/2013 00:00:00,262.0500,267.5000,260.4500,264.5500,27258153
15/07/2013 00:00:00,261.9500,267.6500,260.5500,261.8500,25340777
12/07/2013 00:00:00,267.3500,267.9500,259.5500,260.4500,26930203
11/07/2013 00:00:00,267.5000,271.9500,263.9500,266.3000,43721263
10/07/2013 00:00:00,262.0000,263.1017,256.0500,257.6500,23704562
09/07/2013 00:00:00,262.1500,266.3500,260.2000,264.2500,23169532
08/07/2013 00:00:00,260.0000,261.3000,256.5500,257.6500,22705069
05/07/2013 00:00:00,276.0000,277.2000,256.8500,256.8500,37159079
04/07/2013 00:00:00,271.0000,278.6500,267.0000,274.7500,21150664
03/07/2013 00:00:00,272.8000,273.6500,263.5000,269.0000,25327246
02/07/2013 00:00:00,280.9500,286.0500,275.2000,276.0000,17218551
01/07/2013 00:00:00,276.1000,280.7500,271.7695,279.7000,22049520
28/06/2013 00:00:00,275.1000,275.8000,269.3500,272.1500,26908753
27/06/2013 00:00:00,278.0000,283.0500,276.4000,277.3000,20812877
26/06/2013 00:00:00,276.0000,280.0000,269.0500,276.0000,31179931
25/06/2013 00:00:00,278.9000,279.2000,274.5500,276.4000,23941135
24/06/2013 00:00:00,285.2500,285.9864,273.3000,273.4500,25930547
21/06/2013 00:00:00,294.8000,298.4646,286.9500,286.9500,54927415
20/06/2013 00:00:00,297.0000,302.5500,289.3790,292.7000,28365050
19/06/2013 00:00:00,311.9500,313.9500,304.2500,307.3000,18269061
18/06/2013 00:00:00,310.6500,312.9000,308.5500,310.2000,16239316
17/06/2013 00:00:00,317.7500,320.0629,312.0500,312.0500,17859417
14/06/2013 00:00:00,309.1000,317.2501,309.1000,315.9000,25332037
13/06/2013 00:00:00,295.7500,307.7989,293.9500,306.1000,25184889
12/06/2013 00:00:00,300.0000,306.5000,299.6500,300.5500,18374450
11/06/2013 00:00:00,311.8000,312.8869,298.7000,302.5000,37686617
10/06/2013 00:00:00,314.2000,319.2000,311.3000,314.3000,18828663
07/06/2013 00:00:00,312.0000,320.5000,310.8500,315.0500,23334649
06/06/2013 00:00:00,317.6000,322.3280,310.7000,310.9500,18870067
05/06/2013 00:00:00,322.0500,326.0000,316.8000,317.4500,23143409
04/06/2013 00:00:00,329.9500,332.4500,325.9000,326.4000,14230738
03/06/2013 00:00:00,322.0000,329.8000,320.0500,326.5500,16245910
31/05/2013 00:00:00,332.5000,333.8000,323.0063,323.1000,35956518
30/05/2013 00:00:00,326.7000,338.8500,325.2500,333.3500,17664151
29/05/2013 00:00:00,330.8000,338.2220,325.7000,327.7500,17455253
28/05/2013 00:00:00,328.0000,335.9646,328.0000,331.9500,17393516
24/05/2013 00:00:00,337.7000,339.4000,330.0500,331.8500,18531461
23/05/2013 00:00:00,335.4500,341.6000,334.0726,336.9000,30475833
22/05/2013 00:00:00,340.7000,357.1000,338.5387,351.0000,28677256
21/05/2013 00:00:00,335.0000,350.6000,334.7292,346.0000,31355395
20/05/2013 00:00:00,332.2000,338.6638,332.2000,334.9500,15817811
17/05/2013 00:00:00,337.8000,347.0000,336.5000,338.7500,25066668
16/05/2013 00:00:00,337.0000,337.4500,332.0500,337.0000,18233015
15/05/2013 00:00:00,340.0000,340.0000,330.7000,333.8000,20383302
14/05/2013 00:00:00,348.3000,348.3000,333.8500,340.3500,22035274
13/05/2013 00:00:00,346.0000,350.4500,339.3000,345.3000,23304179
10/05/2013 00:00:00,356.0000,356.0500,342.3500,343.9000,23573063
09/05/2013 00:00:00,350.0000,356.4000,348.5500,355.0500,15375033
08/05/2013 00:00:00,348.7000,352.4500,345.1960,350.1500,23390194
07/05/2013 00:00:00,350.0000,354.7000,345.0000,346.9500,42247318
03/05/2013 00:00:00,334.2500,355.0000,329.2000,343.9500,67923826
02/05/2013 00:00:00,311.1000,335.5500,311.0000,331.1500,36149873
01/05/2013 00:00:00,318.2500,323.6500,311.1500,314.3000,7656092
30/04/2013 00:00:00,325.0000,328.8500,315.6000,316.9500,65098060
29/04/2013 00:00:00,319.3500,328.3000,318.0000,325.0000,21424789
26/04/2013 00:00:00,329.3000,330.0000,318.7500,319.3500,11597345
25/04/2013 00:00:00,328.8500,335.0000,324.5500,330.7500,16529028
24/04/2013 00:00:00,315.3500,329.3000,314.0500,327.4000,20369399
23/04/2013 00:00:00,307.2000,316.2500,305.3069,313.9500,15853666
22/04/2013 00:00:00,316.2000,318.5500,305.2500,307.4000,17772054
19/04/2013 00:00:00,322.0000,322.0000,313.6000,314.7000,18989001
18/04/2013 00:00:00,315.0000,322.0600,312.0500,314.0000,16892632
17/04/2013 00:00:00,328.5500,328.5500,311.0000,318.2000,19224402
16/04/2013 00:00:00,321.7000,340.3000,320.1500,325.1000,45464886
15/04/2013 00:00:00,343.5500,343.5500,318.0500,321.1000,24214242
12/04/2013 00:00:00,350.4000,354.1000,343.2500,344.2000,8495081
11/04/2013 00:00:00,357.0000,358.0500,347.3000,351.7000,7932241
10/04/2013 00:00:00,359.1500,363.1000,354.4000,357.5000,10711343
09/04/2013 00:00:00,350.0000,359.0200,341.9829,358.5000,10717410
08/04/2013 00:00:00,341.7000,345.9000,337.4000,342.6500,8743783
05/04/2013 00:00:00,349.9500,349.9500,334.8960,338.9000,13190822
04/04/2013 00:00:00,345.7000,352.9500,344.0000,348.7000,13584088
03/04/2013 00:00:00,357.2500,357.3728,344.8500,347.0000,15422598
02/04/2013 00:00:00,353.6000,362.5500,352.0000,359.8000,17688422
28/03/2013 00:00:00,356.6500,361.4500,354.1000,356.1000,24031495
27/03/2013 00:00:00,358.2000,364.0000,355.5500,357.4000,18558608
26/03/2013 00:00:00,358.9000,360.8500,355.4500,356.9000,10543830
25/03/2013 00:00:00,364.0000,365.3000,356.8000,358.0500,9944016
22/03/2013 00:00:00,363.0000,365.2500,358.5000,360.7000,20786203
21/03/2013 00:00:00,366.9500,368.5500,356.9500,362.1500,17152663
20/03/2013 00:00:00,370.0000,376.2500,363.4000,365.1500,11747570
19/03/2013 00:00:00,376.1000,377.3500,365.9500,369.0500,11890386
18/03/2013 00:00:00,381.3000,390.9912,375.2500,378.6500,9699975
15/03/2013 00:00:00,388.4000,390.1000,384.9500,387.8500,26524055
14/03/2013 00:00:00,388.4500,390.1000,385.3500,389.0500,13038892
13/03/2013 00:00:00,390.0500,390.0500,383.7000,387.7500,12813422
12/03/2013 00:00:00,388.0000,392.1500,386.8000,390.1000,9229134
11/03/2013 00:00:00,386.9500,390.0000,384.9000,388.7500,6996633
08/03/2013 00:00:00,384.6500,389.1664,368.0000,387.2000,11343714
07/03/2013 00:00:00,387.0000,392.5000,383.6000,385.1000,11839134
06/03/2013 00:00:00,391.6000,393.8000,386.5500,387.5000,11077167
05/03/2013 00:00:00,375.0000,394.1810,370.0000,391.2000,28447337
04/03/2013 00:00:00,372.0000,386.0000,365.0000,369.9500,27748055
01/03/2013 00:00:00,386.5000,386.6500,369.5000,376.9500,27499262
28/02/2013 00:00:00,387.9000,387.9000,380.0500,387.5000,18931156
27/02/2013 00:00:00,382.8000,389.7500,377.3500,385.5000,10438290
26/02/2013 00:00:00,374.4500,383.0500,373.7115,383.0500,17470046
25/02/2013 00:00:00,373.6000,384.0000,373.2085,381.9500,20430609
22/02/2013 00:00:00,373.1000,377.7500,371.0500,373.6000,19823545
21/02/2013 00:00:00,380.0000,380.0000,368.7000,370.7000,21517577
20/02/2013 00:00:00,390.0000,395.6000,380.6596,382.3500,18965378
19/02/2013 00:00:00,388.9500,393.3500,387.5500,392.0500,8536781
18/02/2013 00:00:00,390.2000,392.0200,385.0000,390.3500,6493127
15/02/2013 00:00:00,392.5500,397.0000,391.9000,392.0500,8458625
14/02/2013 00:00:00,394.0000,397.0500,390.5000,393.9000,10100035
13/02/2013 00:00:00,386.7500,399.0000,385.4830,394.4500,14506793
12/02/2013 00:00:00,386.4000,387.7000,380.3500,384.4500,8059460
11/02/2013 00:00:00,383.4500,390.4550,383.0500,386.4000,5369403
08/02/2013 00:00:00,385.1500,388.2600,382.2500,385.0000,6179542
07/02/2013 00:00:00,387.6000,389.6000,381.3500,384.0500,5899060
06/02/2013 00:00:00,384.9500,389.7000,382.6930,388.9000,7705879
05/02/2013 00:00:00,387.0000,394.1974,381.0000,384.2000,12551176
04/02/2013 00:00:00,396.6000,396.8500,384.0000,387.2000,9802272
01/02/2013 00:00:00,394.0000,398.8500,383.8819,397.8500,14936895
31/01/2013 00:00:00,392.0000,397.9500,390.0500,393.4500,13420764
30/01/2013 00:00:00,396.0000,396.9500,391.9000,393.5000,10265061
29/01/2013 00:00:00,390.3000,397.0000,387.8500,396.0000,11770469
28/01/2013 00:00:00,394.0000,394.0000,390.0000,390.8000,12211196
25/01/2013 00:00:00,388.4000,393.2850,385.9000,392.6000,19114799
24/01/2013 00:00:00,383.3000,390.9000,379.6500,388.7000,12167670
23/01/2013 00:00:00,384.7000,388.8000,383.0000,383.8000,10856639
22/01/2013 00:00:00,384.4000,386.9500,380.2000,384.3500,7816617
21/01/2013 00:00:00,381.0500,385.1432,380.8500,385.0000,5533279
18/01/2013 00:00:00,382.0000,383.3073,375.4000,379.8500,13488220
17/01/2013 00:00:00,375.2000,381.4000,370.7000,379.8500,22412865
16/01/2013 00:00:00,393.0000,393.0000,378.2000,380.2500,21300769
15/01/2013 00:00:00,391.0500,397.7000,387.6100,392.7000,16330999
14/01/2013 00:00:00,390.0000,392.1500,387.6100,391.7500,8888455
11/01/2013 00:00:00,386.9000,391.7000,384.8000,391.5000,15796881
10/01/2013 00:00:00,383.9000,390.4679,382.8500,386.9000,14528783
09/01/2013 00:00:00,378.8500,386.5500,375.5000,385.1500,12370666
08/01/2013 00:00:00,377.4000,380.0000,375.4000,376.9500,9165630
07/01/2013 00:00:00,379.0000,380.8000,375.7500,379.7500,9512986
04/01/2013 00:00:00,375.9000,380.8000,373.6500,380.8000,11297345
03/01/2013 00:00:00,376.0000,378.8018,373.7000,377.5000,11173592
02/01/2013 00:00:00,356.4000,378.3500,355.8000,376.5000,24149445
01/01/2013 00:00:00,349.4000,357.8500,348.5500,351.3000,4859762
31/12/2012 00:00:00,349.4000,357.8500,348.5500,351.3000,4859762
28/12/2012 00:00:00,359.9500,360.6577,352.9500,353.6500,7431936
27/12/2012 00:00:00,355.0000,363.6000,353.1000,358.1000,8653245
26/12/2012 00:00:00,351.5500,355.2600,343.2000,355.0000,3081803
25/12/2012 00:00:00,351.5500,355.2600,343.2000,355.0000,3081803
24/12/2012 00:00:00,351.5500,355.2600,343.2000,355.0000,3081803
21/12/2012 00:00:00,346.3500,351.9500,343.1000,351.5500,19698513
20/12/2012 00:00:00,352.0000,354.8500,348.8500,349.6500,10306764
19/12/2012 00:00:00,352.0000,355.4500,351.0000,352.6500,19099865
18/12/2012 00:00:00,352.0000,355.0900,351.2000,351.9000,14144481
17/12/2012 00:00:00,350.7000,353.0000,347.9000,351.8000,16754046
14/12/2012 00:00:00,349.2500,353.9500,349.2500,352.1500,16800220
13/12/2012 00:00:00,349.5000,351.0500,346.4000,350.1500,7866569
12/12/2012 00:00:00,347.7500,350.5120,346.7500,348.6000,13649082
11/12/2012 00:00:00,345.6500,348.1967,345.0000,346.8500,10212113
10/12/2012 00:00:00,344.9000,348.0000,343.6500,345.7500,8301955
07/12/2012 00:00:00,346.5000,348.6500,340.3000,345.2000,17962607
06/12/2012 00:00:00,341.6000,347.3500,339.9000,345.7000,14301672
05/12/2012 00:00:00,343.0000,347.4000,337.7500,340.5000,13427907
04/12/2012 00:00:00,342.8500,344.0000,340.1000,341.3000,5899316
03/12/2012 00:00:00,347.1500,349.7500,342.1500,343.4500,5897801
30/11/2012 00:00:00,343.1000,349.4913,336.4161,345.5000,13373081
29/11/2012 00:00:00,337.9000,344.0500,336.5000,342.2500,11029008
28/11/2012 00:00:00,337.0500,338.3500,330.8500,334.7500,10703452
27/11/2012 00:00:00,340.7500,344.5000,336.5000,338.8000,17128944
26/11/2012 00:00:00,342.0000,343.6500,326.4168,340.0000,9577429
23/11/2012 00:00:00,341.5500,346.0000,339.6500,342.8500,18904366
22/11/2012 00:00:00,334.5000,345.0651,333.3000,340.7000,26883273
21/11/2012 00:00:00,331.4500,338.1000,330.4500,334.1000,17393167
20/11/2012 00:00:00,327.9500,335.0000,323.0000,331.7500,55824849
19/11/2012 00:00:00,325.0000,327.5000,321.8202,326.6000,13688610
16/11/2012 00:00:00,323.7500,326.8032,320.1000,321.5500,15024167
15/11/2012 00:00:00,330.0000,332.1250,323.5000,325.7000,38210826
14/11/2012 00:00:00,337.0000,338.1000,331.0000,331.2000,11814780
13/11/2012 00:00:00,336.2500,337.2500,330.0500,336.9000,17302301
12/11/2012 00:00:00,340.4000,340.4000,334.8000,336.2500,8329636
09/11/2012 00:00:00,340.0000,341.0500,334.0000,339.4500,9282142
08/11/2012 00:00:00,341.3000,343.0000,337.5000,340.0000,13111918
07/11/2012 00:00:00,350.0000,350.0000,337.1500,340.3500,13441295
06/11/2012 00:00:00,345.2000,349.0000,345.2000,347.3000,6430876
05/11/2012 00:00:00,344.2000,348.7000,341.2000,345.2500,9056610
02/11/2012 00:00:00,344.2500,351.7500,343.3000,346.8000,18978487
01/11/2012 00:00:00,345.7500,347.9000,342.1000,344.3500,14542195
31/10/2012 00:00:00,343.2500,347.5397,341.4500,343.0500,11380454
30/10/2012 00:00:00,342.2000,347.3100,341.7159,343.9000,10094805
29/10/2012 00:00:00,342.7000,345.7500,339.8500,343.1000,9433189
26/10/2012 00:00:00,342.5000,346.3000,337.9500,344.5000,16161564
25/10/2012 00:00:00,343.5000,348.5500,340.8000,343.1000,16042410
24/10/2012 00:00:00,343.4000,348.0000,339.6500,343.4000,8563601
23/10/2012 00:00:00,350.3000,352.0000,339.0000,342.9000,13751541
22/10/2012 00:00:00,346.5500,355.4500,345.0000,350.2500,16065121
19/10/2012 00:00:00,350.7000,353.3000,345.9500,347.7500,12686006
18/10/2012 00:00:00,349.4000,355.5000,346.0300,352.5500,18145114
17/10/2012 00:00:00,338.7000,349.5000,337.0000,347.6000,23889725
16/10/2012 00:00:00,336.9500,340.8500,336.1000,338.6500,21220898
15/10/2012 00:00:00,335.2000,338.0500,334.4000,336.8000,14912247
12/10/2012 00:00:00,336.2500,340.5000,335.7500,336.6000,10980170
11/10/2012 00:00:00,331.1500,340.8000,331.1500,338.0000,11652126
10/10/2012 00:00:00,334.8000,339.5000,333.0000,333.9000,9269931
09/10/2012 00:00:00,335.2000,340.7550,333.0000,336.5000,12938361
08/10/2012 00:00:00,332.3500,336.0500,330.9500,334.5500,13019954
05/10/2012 00:00:00,339.8000,340.4000,333.5500,335.6000,19982024
04/10/2012 00:00:00,341.0000,344.0000,333.4000,336.5000,26251806
03/10/2012 00:00:00,338.7500,344.3000,336.8500,339.1500,19587429
02/10/2012 00:00:00,342.1000,347.0706,336.6000,338.0000,14209310
01/10/2012 00:00:00,340.6000,346.4000,338.5500,342.0000,28201067
28/09/2012 00:00:00,345.8000,348.8157,339.8000,343.1000,19437803
27/09/2012 00:00:00,340.7500,346.0000,339.9000,343.2000,16524758
26/09/2012 00:00:00,340.8500,344.6864,337.1500,338.4500,17381108
25/09/2012 00:00:00,353.6500,355.4000,344.7000,346.7000,16376754
24/09/2012 00:00:00,358.3000,361.2000,348.9000,354.1500,15834473
21/09/2012 00:00:00,369.1000,375.1831,358.8500,362.0000,36012849
20/09/2012 00:00:00,370.2000,379.7000,366.2500,368.1500,21830816
19/09/2012 00:00:00,375.0000,377.5794,371.3000,373.3000,15640493
18/09/2012 00:00:00,368.8000,374.4787,364.7000,373.2000,14571290
17/09/2012 00:00:00,376.0000,380.7500,370.0000,370.8500,10970816
14/09/2012 00:00:00,361.0000,381.2147,360.3104,378.8500,35834334
13/09/2012 00:00:00,359.4000,359.7500,350.6000,353.3000,17807968
12/09/2012 00:00:00,362.1500,370.0000,356.2500,359.6000,17956936
11/09/2012 00:00:00,370.1500,372.0500,362.0000,364.3500,14901090
10/09/2012 00:00:00,374.8000,380.5000,369.2000,370.0000,27637623
07/09/2012 00:00:00,396.2000,399.0000,365.1000,378.0500,94093156
06/09/2012 00:00:00,390.0000,400.0000,388.2000,392.3500,41086583
05/09/2012 00:00:00,386.8000,391.1000,382.5000,389.5000,30618784
04/09/2012 00:00:00,387.2500,390.0000,381.0000,385.1000,25091938
03/09/2012 00:00:00,380.2500,388.1500,368.5188,388.1500,33051741
31/08/2012 00:00:00,359.7000,385.0500,356.1184,385.0500,163998560
30/08/2012 00:00:00,366.0000,369.4554,355.3500,357.4500,14580377
29/08/2012 00:00:00,378.5000,379.2666,361.8841,368.5000,22168599
28/08/2012 00:00:00,363.6000,384.0000,361.4500,384.0000,25293275
27/08/2012 00:00:00,364.8,361.6672,361.6672,366.8500,0
24/08/2012 00:00:00,366.0000,368.8900,358.2000,366.8500,16342783
23/08/2012 00:00:00,357.0000,366.0000,355.7500,366.0000,17696314
22/08/2012 00:00:00,355.8000,357.8500,351.8500,356.6000,10853049
21/08/2012 00:00:00,355.0000,360.8000,349.5097,360.0000,17090950
20/08/2012 00:00:00,353.0000,354.2500,347.1500,353.7500,16001564
17/08/2012 00:00:00,349.3000,353.6000,347.6000,352.1500,11495315
16/08/2012 00:00:00,348.0000,350.2746,344.9000,349.8500,10496048
15/08/2012 00:00:00,347.9000,349.7264,343.7500,347.6000,10988991
14/08/2012 00:00:00,346.0000,350.0251,341.7024,347.9000,9875019
13/08/2012 00:00:00,345.4500,348.0000,340.1500,345.1000,8656684
10/08/2012 00:00:00,341.8000,346.5231,341.0000,344.5000,7620062
09/08/2012 00:00:00,340.0000,345.0730,338.9500,344.8000,14369426
08/08/2012 00:00:00,335.8000,339.5500,332.7300,337.9000,9040588
07/08/2012 00:00:00,330.5000,339.0000,329.4000,336.6000,11650946
06/08/2012 00:00:00,322.2500,331.5000,321.9486,328.8500,10573593
03/08/2012 00:00:00,317.1500,329.6000,314.1500,321.0000,11016178
02/08/2012 00:00:00,323.6000,324.1500,313.1000,316.5500,9720094
01/08/2012 00:00:00,319.0000,322.5000,316.5000,322.5000,5209418
31/07/2012 00:00:00,317.0000,323.2502,317.0000,320.1500,6471447
30/07/2012 00:00:00,313.6000,321.5500,312.0000,318.4000,9276607
27/07/2012 00:00:00,308.6500,313.9500,307.5000,313.2000,6627719
26/07/2012 00:00:00,304.5000,311.7800,303.0290,308.3500,7452100
25/07/2012 00:00:00,300.0000,307.0000,300.0000,303.5000,4548654
24/07/2012 00:00:00,308.1000,312.5000,299.6000,301.6500,8583549
23/07/2012 00:00:00,314.0000,314.9000,304.5500,308.8500,10012238
20/07/2012 00:00:00,320.0000,325.0000,317.3500,317.4500,13405279
19/07/2012 00:00:00,317.0000,325.0000,315.7500,322.0000,12815773
18/07/2012 00:00:00,317.0000,318.6000,312.0843,317.1000,6204064
17/07/2012 00:00:00,316.0000,319.5000,312.3000,317.0000,9282793
16/07/2012 00:00:00,314.6500,318.5500,313.2000,316.5000,3974672
13/07/2012 00:00:00,312.2500,318.3943,306.8500,316.6500,7091612
12/07/2012 00:00:00,312.3000,314.7650,306.5000,309.6500,5326860
11/07/2012 00:00:00,307.2000,317.2000,305.2000,316.3000,6965965
10/07/2012 00:00:00,308.5000,317.7752,307.4000,310.5500,8563418
09/07/2012 00:00:00,303.4500,309.9000,303.4500,308.7500,9066602
06/07/2012 00:00:00,315.5000,315.5000,308.4500,310.3500,6317141
05/07/2012 00:00:00,313.1500,324.3860,311.2500,315.6000,12985378
04/07/2012 00:00:00,304.6000,315.0804,303.4250,312.0500,13214795
03/07/2012 00:00:00,299.9000,305.2845,292.0000,303.7500,15894017
02/07/2012 00:00:00,298.0000,299.6641,290.2000,299.0000,12339651
29/06/2012 00:00:00,305.0000,305.0317,295.5500,295.5500,15789853
28/06/2012 00:00:00,300.0000,304.7500,290.3500,293.5500,15228818
27/06/2012 00:00:00,300.0000,305.0000,289.3500,298.3000,38036195
26/06/2012 00:00:00,311.5000,311.5000,301.1000,302.7000,20163608
25/06/2012 00:00:00,310.2000,316.0000,304.5000,308.1500,14147089
22/06/2012 00:00:00,322.9000,322.9000,312.1000,312.6500,12597617
21/06/2012 00:00:00,330.0000,331.7000,320.7000,322.6500,14618399
20/06/2012 00:00:00,329.0000,342.1400,328.5000,333.2500,14001575
19/06/2012 00:00:00,331.0000,336.0524,328.7500,330.0000,13337271
18/06/2012 00:00:00,345.8000,347.9324,326.4500,328.4000,17253721
15/06/2012 00:00:00,345.4000,353.8000,340.2457,340.4500,194308001
14/06/2012 00:00:00,353.7000,354.0500,336.9500,341.7000,31328880
13/06/2012 00:00:00,370.0000,370.0000,349.4000,355.0000,32045316
12/06/2012 00:00:00,362.9500,370.3938,358.5500,366.8500,27437837
11/06/2012 00:00:00,367.6000,369.7947,360.7500,363.5500,24198115
08/06/2012 00:00:00,356.4000,360.0000,334.2300,357.8000,16429949
07/06/2012 00:00:00,350.0000,364.9411,348.0000,361.2000,24074238
06/06/2012 00:00:00,335.0500,348.2000,335.0500,347.7500,23770796
05/06/2012 00:00:00,338.016666667,334.5335,334.5335,334.3500,0
04/06/2012 00:00:00,340.983333334,334.5335,334.5335,334.3500,0
01/06/2012 00:00:00,343.9500,345.1000,332.2000,334.3500,24893703
31/05/2012 00:00:00,345.1000,351.9000,335.0000,340.5000,13751880
30/05/2012 00:00:00,351.5000,351.5000,342.0000,345.0000,12641032
29/05/2012 00:00:00,350.0000,358.0501,348.8500,354.1000,10305637
28/05/2012 00:00:00,343.0000,350.5000,343.0000,345.9500,8043694
25/05/2012 00:00:00,345.0000,346.6500,337.9000,340.6500,10521806
24/05/2012 00:00:00,337.5000,346.5965,331.2000,346.0000,20238803
23/05/2012 00:00:00,354.3000,354.3000,340.8500,343.6500,11548627
22/05/2012 00:00:00,359.0000,364.1338,350.3565,361.6000,8722063
21/05/2012 00:00:00,345.0000,354.3786,343.0000,351.5000,7899134
18/05/2012 00:00:00,349.9000,355.8000,340.8000,345.3500,22005612
17/05/2012 00:00:00,366.9000,366.9000,346.8000,354.3000,9762519
16/05/2012 00:00:00,360.0000,372.0000,348.0500,363.1500,15558482
15/05/2012 00:00:00,375.0000,377.5000,367.2500,370.1500,8718605
14/05/2012 00:00:00,383.0000,383.1500,368.8500,371.9000,11509115
11/05/2012 00:00:00,396.9000,403.9653,377.1000,386.1000,12858476
10/05/2012 00:00:00,400.0000,403.2000,391.3000,396.5000,7036845
09/05/2012 00:00:00,394.0000,402.6000,392.0000,397.9500,9625235
08/05/2012 00:00:00,405.8000,412.3000,391.7500,392.0000,8788761
04/05/2012 00:00:00,424.3500,424.3500,405.6500,410.2500,9685590
03/05/2012 00:00:00,426.0000,435.8600,424.0000,426.4000,5678649
02/05/2012 00:00:00,434.8000,435.9000,423.8000,425.6500,8658464
01/05/2012 00:00:00,426.0000,437.0500,424.9500,434.6000,2853981
30/04/2012 00:00:00,439.8500,439.8500,425.6000,425.6000,7491035
27/04/2012 00:00:00,433.6500,439.9500,422.9000,437.2500,7862362
26/04/2012 00:00:00,428.0000,435.0000,427.0000,435.0000,7935499
25/04/2012 00:00:00,418.2000,430.1500,414.9000,429.2000,7522431
24/04/2012 00:00:00,410.6500,419.9500,410.0000,415.7500,5976496
23/04/2012 00:00:00,416.0000,418.5900,406.6000,408.5500,7501986
20/04/2012 00:00:00,417.8500,425.1000,412.8000,423.4000,7523660
19/04/2012 00:00:00,418.3000,419.9500,413.5000,415.9000,7627532
18/04/2012 00:00:00,409.9000,415.6000,407.6000,414.9500,9507573
17/04/2012 00:00:00,397.9500,410.0000,396.1000,409.7500,5945940
16/04/2012 00:00:00,398.0000,405.9454,397.7000,400.7000,6399180
13/04/2012 00:00:00,407.1500,409.9000,398.2500,399.8000,6539369
12/04/2012 00:00:00,397.3000,409.2000,396.6500,404.9000,7289228
11/04/2012 00:00:00,392.4000,400.2000,389.9400,395.0000,8177649
10/04/2012 00:00:00,406.8000,407.3500,392.9000,392.9000,11373233
05/04/2012 00:00:00,394.5000,412.4500,386.6500,411.8000,22849947
04/04/2012 00:00:00,399.5000,399.5000,388.1000,389.4000,9136873
03/04/2012 00:00:00,402.2500,405.3000,397.8000,401.4000,8932548
02/04/2012 00:00:00,392.8500,399.8500,388.2500,399.1500,6722377
30/03/2012 00:00:00,388.6500,399.3300,387.1000,389.4000,8975765
29/03/2012 00:00:00,389.0000,394.2000,381.3500,387.3000,8566207
28/03/2012 00:00:00,400.0000,401.4000,388.4000,389.2500,10312642
27/03/2012 00:00:00,405.5000,409.0700,399.5500,401.5000,5338943
26/03/2012 00:00:00,409.7000,409.7000,398.0000,401.7000,9494793
23/03/2012 00:00:00,408.0000,409.2400,394.7500,404.9500,8575002
22/03/2012 00:00:00,412.5500,412.8700,398.8000,403.5000,11215812
21/03/2012 00:00:00,419.0000,419.0000,413.1000,415.7500,11077668
20/03/2012 00:00:00,419.0000,420.4366,406.7000,413.8000,14424117
19/03/2012 00:00:00,416.9000,424.8000,414.3000,420.4500,6521419
16/03/2012 00:00:00,411.1000,424.5755,409.2500,418.2500,14757235
15/03/2012 00:00:00,416.0000,418.7500,407.9500,412.2000,7578561
14/03/2012 00:00:00,419.9500,423.8300,412.0000,413.3500,14073221
13/03/2012 00:00:00,413.0000,418.2000,412.9000,418.2000,7534268
12/03/2012 00:00:00,408.5000,412.1100,402.5500,411.3500,5134968
09/03/2012 00:00:00,405.1000,411.1000,399.0000,408.7000,5602578
08/03/2012 00:00:00,404.5500,410.6148,397.0053,405.1000,8556901
07/03/2012 00:00:00,402.3000,405.7000,396.8500,402.2500,10190971
06/03/2012 00:00:00,405.0000,405.3500,397.8000,401.3000,11542527
05/03/2012 00:00:00,419.9000,421.0500,397.5000,403.3500,12261470
02/03/2012 00:00:00,429.0000,429.0000,419.5000,420.0000,5544921
01/03/2012 00:00:00,431.3000,432.9000,423.6500,427.1500,12742237
29/02/2012 00:00:00,440.0000,442.8500,429.3500,432.0000,45721255
28/02/2012 00:00:00,432.9000,439.4000,432.0000,438.3500,10315305
27/02/2012 00:00:00,432.5000,434.1500,425.5500,434.1500,7297828
24/02/2012 00:00:00,437.4000,441.2500,432.3500,436.3000,5196293
23/02/2012 00:00:00,442.2500,443.1000,432.0500,438.1000,6727471
22/02/2012 00:00:00,439.2500,444.0000,434.5000,440.3500,7485169
21/02/2012 00:00:00,439.3500,442.0000,431.8000,438.3500,8373241
20/02/2012 00:00:00,435.4000,439.1000,430.0000,436.4500,5070495
17/02/2012 00:00:00,428.7000,438.1500,425.6000,430.0000,8882155
16/02/2012 00:00:00,420.7500,426.8000,415.5500,426.6000,11899805
15/02/2012 00:00:00,428.3500,434.4000,419.2500,422.0000,6665331
14/02/2012 00:00:00,431.5000,431.9000,418.4000,423.5500,13125997
13/02/2012 00:00:00,438.0000,442.6100,428.2500,429.2500,8825386
10/02/2012 00:00:00,437.4000,442.0000,419.3000,435.2000,4580151
09/02/2012 00:00:00,438.8500,446.9000,431.0000,442.9500,7191040
08/02/2012 00:00:00,446.1000,459.2500,434.4500,434.4500,11906998
07/02/2012 00:00:00,461.0500,472.2000,437.0000,443.2500,36075641
06/02/2012 00:00:00,478.0000,483.2000,458.0000,460.7500,11925460
03/02/2012 00:00:00,457.7000,484.0000,444.9500,482.5500,15667207
02/02/2012 00:00:00,442.6500,467.8000,429.2792,461.7000,43880947
01/02/2012 00:00:00,415.9000,431.8000,411.4000,431.7500,6326007
31/01/2012 00:00:00,424.5500,424.5500,411.2000,411.2000,7528489
30/01/2012 00:00:00,420.3000,424.5000,413.0000,415.0000,5799501
27/01/2012 00:00:00,430.9500,434.1000,423.8500,425.3500,4082097
26/01/2012 00:00:00,420.0000,439.8000,420.0000,434.3000,8169442
25/01/2012 00:00:00,427.5000,430.6500,416.5000,418.4500,5113017
24/01/2012 00:00:00,433.5000,436.5000,423.6500,427.1000,4607480
23/01/2012 00:00:00,425.0000,443.3600,420.0000,435.8500,6956538
20/01/2012 00:00:00,430.0000,430.8000,416.6500,423.0500,7203980
19/01/2012 00:00:00,413.2500,430.6500,411.6000,430.0000,7483550
18/01/2012 00:00:00,405.0000,416.5500,401.7500,415.4000,8328676
17/01/2012 00:00:00,404.2000,408.0000,398.1000,405.4500,9911131
16/01/2012 00:00:00,398.0000,400.5500,393.8500,396.8000,4487216
13/01/2012 00:00:00,405.5500,406.1000,393.1268,400.0000,6331223
12/01/2012 00:00:00,399.1000,411.8652,398.7000,399.9000,5487866
11/01/2012 00:00:00,401.1500,408.6500,395.1500,396.6500,5116163
10/01/2012 00:00:00,403.3000,409.1500,400.7500,401.7000,7040976
09/01/2012 00:00:00,396.0000,401.6000,394.7000,398.6500,4655786
06/01/2012 00:00:00,395.1000,400.7638,389.8000,395.2500,4775145
05/01/2012 00:00:00,405.9000,407.5061,394.2500,394.2500,5998664
04/01/2012 00:00:00,415.3500,419.2000,402.0000,405.0000,4533214
03/01/2012 00:00:00,399.7000,418.1500,395.6500,418.1500,6624342
30/12/2011 00:00:00,400.0000,400.2500,390.3000,392.0000,1239871
29/12/2011 00:00:00,394.1000,398.5000,390.7500,398.5000,2457664
28/12/2011 00:00:00,395.5500,398.9000,391.0000,392.2000,3307465
23/12/2011 00:00:00,398.6500,398.9500,386.8000,397.0000,2213982
22/12/2011 00:00:00,390.9000,398.7122,384.5600,395.8000,8415540
21/12/2011 00:00:00,390.0000,395.1500,386.9000,388.9000,6918345
20/12/2011 00:00:00,383.0000,388.2500,380.3000,388.2500,4720106
19/12/2011 00:00:00,386.4000,391.0000,381.8000,384.9500,4440537
16/12/2011 00:00:00,387.1500,391.3000,381.2500,387.0500,56732309
15/12/2011 00:00:00,378.0000,390.0000,378.0000,387.0000,10818599
14/12/2011 00:00:00,389.0000,392.7689,382.9500,383.5500,14078251
13/12/2011 00:00:00,389.3000,396.6500,377.8000,392.6500,9848701
12/12/2011 00:00:00,405.3500,405.3500,387.5000,387.5000,7886664
09/12/2011 00:00:00,400.3500,406.6729,397.8000,404.7000,6399965
08/12/2011 00:00:00,408.0500,411.7500,395.9500,399.0500,7346826
07/12/2011 00:00:00,416.9000,419.1200,399.3000,404.9000,8486006
06/12/2011 00:00:00,412.2500,425.0000,408.7000,410.1500,6684268
05/12/2011 00:00:00,410.0000,424.9500,409.8000,424.9500,7480563
02/12/2011 00:00:00,402.7000,417.8500,396.0000,410.9500,9698699
01/12/2011 00:00:00,397.2000,405.7500,391.4840,392.2500,7548902
30/11/2011 00:00:00,375.0000,406.1500,369.2000,398.5000,14636732
29/11/2011 00:00:00,384.8000,385.7500,373.8000,380.1000,7251672
28/11/2011 00:00:00,378.1000,388.4726,377.3000,384.4000,6547983
25/11/2011 00:00:00,380.2000,383.5886,372.1500,373.8000,7084714
24/11/2011 00:00:00,380.0000,386.4000,374.4500,382.1500,9753108
23/11/2011 00:00:00,365.0000,382.0000,364.5500,380.0000,10584324
22/11/2011 00:00:00,385.0000,382.6860,371.0000,371.0000,8730006
21/11/2011 00:00:00,398.0000,401.4600,373.2500,375.1000,11648803
18/11/2011 00:00:00,400.1000,414.6500,398.5000,398.7000,7768848
17/11/2011 00:00:00,402.0000,419.9000,402.0000,412.9000,7438906
16/11/2011 00:00:00,412.7000,416.4076,404.0000,405.1000,5909260
15/11/2011 00:00:00,427.1500,433.2000,410.3500,412.6500,12753128
14/11/2011 00:00:00,440.0000,442.5000,427.4500,428.5000,4183634
11/11/2011 00:00:00,433.5000,440.0000,429.4000,440.0000,6709022
10/11/2011 00:00:00,430.0000,441.0000,425.7000,435.5000,8976436
09/11/2011 00:00:00,448.7000,452.6062,435.0500,440.5000,5589113
08/11/2011 00:00:00,435.9000,451.7000,435.0000,448.0000,4499944
07/11/2011 00:00:00,427.6500,438.1678,413.6840,435.7000,4252708
04/11/2011 00:00:00,440.0000,446.5000,423.2000,434.6000,5215534
03/11/2011 00:00:00,426.0000,444.7500,422.8000,440.0500,4391761
02/11/2011 00:00:00,422.0000,438.4250,414.4500,435.6000,7253799
01/11/2011 00:00:00,422.6500,427.2500,411.5000,416.5000,8533277
31/10/2011 00:00:00,440.9000,447.7500,436.9500,438.0000,4590398
28/10/2011 00:00:00,439.0000,451.7949,428.6000,450.0000,13848975
27/10/2011 00:00:00,422.0000,445.0000,403.6867,443.9000,17385385
26/10/2011 00:00:00,403.7500,416.5000,401.0000,403.7500,5701274
25/10/2011 00:00:00,415.1500,424.0300,401.0000,408.0000,4855124
24/10/2011 00:00:00,408.8500,419.4000,404.4000,418.9000,4274417
21/10/2011 00:00:00,399.9500,408.3500,395.9000,403.5000,5187019
20/10/2011 00:00:00,399.3500,405.0500,393.5000,395.5500,5182252
19/10/2011 00:00:00,407.8000,410.7665,402.1500,407.5000,4109362
18/10/2011 00:00:00,406.0000,409.2000,395.4000,402.0000,4994977
17/10/2011 00:00:00,429.1500,443.1782,405.3000,408.0000,7550049
14/10/2011 00:00:00,433.0000,447.8000,419.6500,422.5000,20269783
13/10/2011 00:00:00,421.1000,435.7000,416.5500,435.7000,8101677
12/10/2011 00:00:00,416.7000,429.3500,412.0000,425.4500,5375267
11/10/2011 00:00:00,422.4500,423.7500,415.9000,420.0000,3642120
10/10/2011 00:00:00,425.0000,425.4000,414.6000,424.6500,3922129
07/10/2011 00:00:00,430.6500,438.0000,418.9000,422.0000,6437689
06/10/2011 00:00:00,411.9500,432.1500,411.5000,432.1500,7376753
05/10/2011 00:00:00,406.0000,415.1692,394.5500,413.0000,8498122
04/10/2011 00:00:00,386.8500,398.8000,355.1500,397.0000,16263345
03/10/2011 00:00:00,390.0000,395.8800,380.0500,390.1000,8564295
30/09/2011 00:00:00,409.9500,409.9500,396.8500,401.1732,9595277
29/09/2011 00:00:00,417.9000,423.8500,407.9500,409.2500,7863093
28/09/2011 00:00:00,436.0000,444.9000,418.8000,423.0000,7194210
27/09/2011 00:00:00,429.4500,444.8000,405.0000,444.8000,6829561
26/09/2011 00:00:00,393.6000,417.4048,392.8000,414.6000,9884361
23/09/2011 00:00:00,418.9000,419.7500,391.8900,412.4000,12826945
22/09/2011 00:00:00,416.6500,422.7906,405.3500,415.0000,14423022
21/09/2011 00:00:00,450.0000,450.4531,431.9000,436.2500,7418893
20/09/2011 00:00:00,430.8500,455.1036,428.3000,451.5500,6271919
19/09/2011 00:00:00,443.1000,453.9683,425.0500,437.0000,9808063
16/09/2011 00:00:00,441.9500,454.9000,437.2000,454.7000,13927372
15/09/2011 00:00:00,423.6500,442.5000,420.0000,431.3403,11316394
14/09/2011 00:00:00,402.2000,426.2288,402.2000,420.6000,7568454
13/09/2011 00:00:00,416.2000,419.3500,399.2500,410.7500,7977485
12/09/2011 00:00:00,401.1500,418.1128,395.4500,407.7000,10888804
09/09/2011 00:00:00,431.0000,435.9000,406.4500,414.0000,11615986
08/09/2011 00:00:00,415.0000,440.0500,413.0000,436.5000,26555787
07/09/2011 00:00:00,395.1500,405.7500,390.0000,405.7500,7312535
06/09/2011 00:00:00,378.0000,394.5444,374.1000,385.2000,4854690
05/09/2011 00:00:00,384.0000,388.5157,373.0000,376.4500,6484091
02/09/2011 00:00:00,410.3000,412.0000,389.5000,390.3500,9320866
01/09/2011 00:00:00,423.9500,423.9500,405.1500,418.2500,6871063
31/08/2011 00:00:00,399.3000,430.5359,398.8500,421.4500,12113173
30/08/2011 00:00:00,392.0000,401.3500,369.2100,399.5500,11401637
29/08/2011 00:00:00,389.525,394.925,369.63,376.5491,10153021.0
26/08/2011 00:00:00,387.0500,388.5000,370.0500,377.1500,8904405
25/08/2011 00:00:00,401.2000,413.9000,388.3500,388.5000,18228437
24/08/2011 00:00:00,370.0000,391.5500,366.0500,389.6000,8545975
23/08/2011 00:00:00,365.6000,374.6000,362.4500,367.4500,8487726
22/08/2011 00:00:00,347.0000,358.7500,341.0000,355.0000,10321093
19/08/2011 00:00:00,355.0000,358.2000,340.6000,347.9500,11521338
18/08/2011 00:00:00,388.8000,392.6000,353.4500,355.4500,7245853
17/08/2011 00:00:00,394.7000,413.0835,387.1000,395.0000,5750089
16/08/2011 00:00:00,405.0000,405.0000,385.0000,396.0000,4871532
15/08/2011 00:00:00,411.0000,412.9048,397.0000,407.1000,3570729
12/08/2011 00:00:00,382.7500,410.9754,374.9000,406.7000,9947444
11/08/2011 00:00:00,376.0000,385.9000,355.4000,382.7000,17348624
10/08/2011 00:00:00,389.0000,396.2000,354.0000,381.9496,12955416
09/08/2011 00:00:00,384.6500,398.8500,352.5000,378.9500,18646792
08/08/2011 00:00:00,400.1000,414.7000,376.5000,399.1284,13988315
05/08/2011 00:00:00,381.0000,430.0000,375.8000,408.4000,19564232
04/08/2011 00:00:00,434.5000,440.0000,390.1000,391.0000,16691019
03/08/2011 00:00:00,452.0000,456.6500,423.1000,426.3500,14999677
02/08/2011 00:00:00,471.0000,475.4000,454.8000,458.4500,9777761
01/08/2011 00:00:00,482.5000,482.5000,470.7500,473.0500,4508882
29/07/2011 00:00:00,472.6000,480.5000,470.2000,475.7000,5347773
28/07/2011 00:00:00,473.2000,476.5000,470.4000,476.4500,5108763
27/07/2011 00:00:00,477.3000,480.0500,474.2500,477.6500,4684175
26/07/2011 00:00:00,483.0000,485.0500,476.4000,480.0000,2898232
25/07/2011 00:00:00,478.5500,488.8000,475.2000,484.3500,2678012
22/07/2011 00:00:00,480.0000,487.5000,474.5000,480.3500,4834597
21/07/2011 00:00:00,485.0000,485.0000,470.3000,480.0000,10137530
20/07/2011 00:00:00,490.2000,491.4500,479.3000,482.0000,6363028
19/07/2011 00:00:00,488.9500,491.2000,485.0000,488.3000,5009119
18/07/2011 00:00:00,490.1500,495.5500,486.1500,488.0000,5641251
15/07/2011 00:00:00,490.0000,498.2500,485.5500,496.9000,3072778
14/07/2011 00:00:00,495.0000,497.7000,490.1000,492.0000,3315584
13/07/2011 00:00:00,498.3500,504.5000,494.0000,500.4000,5473460
12/07/2011 00:00:00,484.1500,497.4000,478.6000,495.8500,8505787
11/07/2011 00:00:00,494.4000,499.6000,488.5000,490.5000,7708581
08/07/2011 00:00:00,505.9000,509.0000,497.2000,497.2000,8827477
07/07/2011 00:00:00,496.8500,509.0000,493.6000,503.0000,7384637
06/07/2011 00:00:00,486.9000,494.7000,482.7000,494.2000,5931777
05/07/2011 00:00:00,480.0000,487.6000,480.0000,486.0000,4653748
04/07/2011 00:00:00,488.0500,489.9500,480.0500,481.0500,3988022
01/07/2011 00:00:00,491.0000,492.7300,478.2500,489.0000,6441657
30/06/2011 00:00:00,491.9000,493.3000,480.0500,491.0000,9360900
29/06/2011 00:00:00,496.0000,497.8300,485.0500,486.5500,13126747
28/06/2011 00:00:00,479.0000,490.5000,475.4000,486.3500,6654078
27/06/2011 00:00:00,470.8000,480.0000,470.8000,475.5500,2701912
24/06/2011 00:00:00,473.9500,483.3000,469.0000,471.0000,7408459
23/06/2011 00:00:00,485.4000,486.0000,460.1000,466.6500,10705677
22/06/2011 00:00:00,498.5500,498.5500,486.1000,490.0000,4854534
21/06/2011 00:00:00,480.0000,496.1000,479.9000,495.1500,5173658
20/06/2011 00:00:00,475.0000,481.7000,467.4000,479.1500,9030054
17/06/2011 00:00:00,478.9500,486.9500,465.3500,482.0000,13694340
16/06/2011 00:00:00,465.0000,476.9500,452.3000,475.8000,24314535
15/06/2011 00:00:00,494.0000,495.0000,472.3000,473.0000,28388708
14/06/2011 00:00:00,515.0000,518.9000,500.0000,500.0000,33105517
13/06/2011 00:00:00,510.0000,527.1000,506.6000,523.4000,12358981
10/06/2011 00:00:00,516.4000,524.5000,508.9000,509.4000,10524615
09/06/2011 00:00:00,510.0000,519.0000,507.9800,515.0000,15543375
08/06/2011 00:00:00,520.0000,520.0000,509.4000,511.5000,11826257
07/06/2011 00:00:00,516.7000,522.0000,513.2000,518.3500,4487809
06/06/2011 00:00:00,505.0000,520.9000,504.0000,515.0000,12717271
03/06/2011 00:00:00,512.0000,512.0000,504.0000,505.0000,16160474
02/06/2011 00:00:00,510.0000,514.1000,500.2000,510.9000,14135769
01/06/2011 00:00:00,529.0000,529.1000,510.5000,513.9000,20835009
31/05/2011 00:00:00,530.2000,531.5000,522.5000,531.1000,64805978
27/05/2011 00:00:00,524.9000,525.5070,521.6000,523.7000,25700260
26/05/2011 00:00:00,525.0000,527.0895,518.8200,521.5000,24024582
25/05/2011 00:00:00,520.0000,542.3801,516.0000,522.2000,35254537
24/05/2011 00:00:00,520.0000,528.7220,516.0000,525.0000,127564632
23/05/2011 00:00:00,518.0000,519.7800,506.0000,514.0000,94740490
20/05/2011 00:00:00,530.0000,538.8900,519.0000,524.0000,207140038
19/05/2011 00:00:00,548.0000,559.1600,528.9400,530.0000,554948068
