Date,Open Price,High,Low,Close Price,Volume,
13/03/2015 00:00:00,5.6480,5.6500,5.5650,5.6300,1641723
12/03/2015 00:00:00,5.6590,5.6710,5.6100,5.6180,1713270
11/03/2015 00:00:00,5.5540,5.6840,5.5180,5.6690,2895863
10/03/2015 00:00:00,5.5150,5.5920,5.5000,5.5550,2226857
09/03/2015 00:00:00,5.5030,5.5750,5.4900,5.5170,3421138
06/03/2015 00:00:00,5.3970,5.5240,5.3820,5.5110,4275192
05/03/2015 00:00:00,5.3350,5.4230,5.3080,5.4090,2335803
04/03/2015 00:00:00,5.3760,5.4000,5.2950,5.3290,1989384
03/03/2015 00:00:00,5.4560,5.4710,5.3430,5.3570,2237092
02/03/2015 00:00:00,5.4800,5.4960,5.4300,5.4500,1980664
27/02/2015 00:00:00,5.4930,5.5350,5.4030,5.4610,2264578
26/02/2015 00:00:00,5.4590,5.5290,5.4580,5.4860,1816722
25/02/2015 00:00:00,5.5610,5.6300,5.4500,5.4610,2147492
24/02/2015 00:00:00,5.6010,5.6220,5.4900,5.5600,2116917
23/02/2015 00:00:00,5.6000,5.6690,5.5630,5.5830,3165272
20/02/2015 00:00:00,5.5230,5.5970,5.4820,5.5780,3179445
19/02/2015 00:00:00,5.5170,5.5600,5.4550,5.5070,2994224
18/02/2015 00:00:00,5.4170,5.5520,5.3370,5.5200,4992104
17/02/2015 00:00:00,5.6000,5.6370,5.2400,5.3620,10288291
16/02/2015 00:00:00,6.0720,6.0940,5.9080,5.9410,2342874
13/02/2015 00:00:00,6.0000,6.1130,5.9320,6.0800,2940179
12/02/2015 00:00:00,5.8200,6.1300,5.8100,6.0500,4698879
11/02/2015 00:00:00,5.7610,5.9100,5.7300,5.8020,1986949
10/02/2015 00:00:00,5.8610,5.8950,5.7380,5.7710,1550262
09/02/2015 00:00:00,5.9800,5.9800,5.8220,5.8490,1676347
06/02/2015 00:00:00,5.9860,6.0580,5.9410,5.9820,1489758
05/02/2015 00:00:00,5.8380,6.0000,5.8060,5.9870,1822084
04/02/2015 00:00:00,5.8460,5.9150,5.7910,5.8640,1834812
03/02/2015 00:00:00,5.7500,5.9080,5.7000,5.8300,3548721
02/02/2015 00:00:00,5.8110,5.9700,5.8110,5.9150,2821204
30/01/2015 00:00:00,5.7800,5.8700,5.7400,5.8240,1949030
29/01/2015 00:00:00,5.6390,5.7690,5.6000,5.7500,1185026
28/01/2015 00:00:00,5.6990,5.7140,5.5670,5.6600,1338339
27/01/2015 00:00:00,5.7470,5.7630,5.5900,5.6520,1746690
26/01/2015 00:00:00,5.5000,5.7420,5.4910,5.7420,1577098
23/01/2015 00:00:00,5.5580,5.5680,5.4740,5.5310,3057607
22/01/2015 00:00:00,5.5480,5.5800,5.4820,5.5320,3027883
21/01/2015 00:00:00,5.6120,5.6350,5.4830,5.5380,2648269
20/01/2015 00:00:00,5.6490,5.6750,5.5820,5.6140,1369604
19/01/2015 00:00:00,5.6100,5.6500,5.5490,5.6100,1023495
16/01/2015 00:00:00,5.5080,5.6350,5.4370,5.6010,2275469
15/01/2015 00:00:00,5.6310,5.6340,5.4160,5.5320,2773798
14/01/2015 00:00:00,5.6000,5.6670,5.5410,5.5730,2178985
13/01/2015 00:00:00,5.5000,5.7710,5.4900,5.6550,4523985
12/01/2015 00:00:00,5.4000,5.4600,5.3450,5.4440,1523340
09/01/2015 00:00:00,5.4240,5.4840,5.3470,5.3890,1915379
08/01/2015 00:00:00,5.3400,5.4560,5.2630,5.4360,2426612
07/01/2015 00:00:00,5.2220,5.4200,5.2160,5.2600,2036633
06/01/2015 00:00:00,5.2720,5.2780,5.1570,5.2040,2132419
05/01/2015 00:00:00,5.4510,5.5850,5.2010,5.2500,2122541
02/01/2015 00:00:00,5.5300,5.5750,5.4610,5.4960,1035802
01/01/2015 00:00:00,5.5220,5.5690,5.5180,5.5410,239626
31/12/2014 00:00:00,5.5220,5.5690,5.5180,5.5410,239626
30/12/2014 00:00:00,5.5010,5.5600,5.4680,5.4860,631587
29/12/2014 00:00:00,5.5210,5.5500,5.4750,5.5240,794139
24/12/2014 00:00:00,5.5500,5.5610,5.5010,5.5200,168241
23/12/2014 00:00:00,5.4660,5.5520,5.4370,5.5350,986014
22/12/2014 00:00:00,5.4000,5.5060,5.3560,5.4500,1161335
19/12/2014 00:00:00,5.3990,5.4780,5.3420,5.3890,3777583
18/12/2014 00:00:00,5.3580,5.3690,5.2980,5.3480,1702286
17/12/2014 00:00:00,5.2530,5.3080,5.1250,5.2730,2143815
16/12/2014 00:00:00,5.3270,5.3850,5.2100,5.3150,2170330
15/12/2014 00:00:00,5.2770,5.5110,5.2570,5.3160,2064595
12/12/2014 00:00:00,5.2960,5.3260,5.2460,5.2570,1060413
11/12/2014 00:00:00,5.3900,5.4360,5.3180,5.3550,1540543
10/12/2014 00:00:00,5.4900,5.5900,5.3760,5.4100,1712416
09/12/2014 00:00:00,5.5720,5.6080,5.5150,5.5440,1307617
08/12/2014 00:00:00,5.6800,5.7470,5.6150,5.6490,1327666
05/12/2014 00:00:00,5.4920,5.6840,5.4630,5.6840,1554713
04/12/2014 00:00:00,5.6480,5.6710,5.4600,5.4710,2057241
03/12/2014 00:00:00,5.5380,5.6400,5.5180,5.6300,1858929
02/12/2014 00:00:00,5.4070,5.5320,5.3970,5.5320,1862123
01/12/2014 00:00:00,5.4160,5.5500,5.3760,5.4160,1649680
28/11/2014 00:00:00,5.4150,5.4400,5.3450,5.4200,1722798
27/11/2014 00:00:00,5.3180,5.4720,5.2750,5.4000,1813686
26/11/2014 00:00:00,5.1730,5.3150,5.1220,5.2990,1281643
25/11/2014 00:00:00,5.1400,5.1800,5.0760,5.1720,1609884
24/11/2014 00:00:00,5.1330,5.1500,5.0960,5.1220,877877
21/11/2014 00:00:00,4.9550,5.2330,4.9520,5.1440,2918289
20/11/2014 00:00:00,4.9270,4.9620,4.8750,4.9560,983231
19/11/2014 00:00:00,4.9280,4.9500,4.8530,4.9390,1081463
18/11/2014 00:00:00,4.9130,4.9490,4.8750,4.9400,1168184
17/11/2014 00:00:00,4.8790,4.9440,4.8020,4.8840,1186635
14/11/2014 00:00:00,4.9680,4.9680,4.8500,4.9210,1085972
13/11/2014 00:00:00,4.9150,4.9860,4.8890,4.9480,1034645
12/11/2014 00:00:00,4.9000,4.9450,4.8560,4.8980,1295980
11/11/2014 00:00:00,4.9900,4.9970,4.9120,4.9250,1575317
10/11/2014 00:00:00,4.9400,4.9900,4.9060,4.9840,1533043
07/11/2014 00:00:00,4.8440,5.0230,4.8440,4.9240,2910870
06/11/2014 00:00:00,4.7140,4.8500,4.7140,4.8480,2105900
05/11/2014 00:00:00,4.5810,4.7440,4.5810,4.7390,1806877
04/11/2014 00:00:00,4.7360,4.7880,4.5320,4.5580,3158216
03/11/2014 00:00:00,4.6390,4.7370,4.6350,4.7330,2052577
31/10/2014 00:00:00,4.5770,4.6310,4.5030,4.6310,2891002
30/10/2014 00:00:00,4.4520,4.5240,4.3860,4.5140,2804460
29/10/2014 00:00:00,4.5000,4.5050,4.3900,4.4300,2465486
28/10/2014 00:00:00,4.5360,4.5420,4.4590,4.4850,1860548
27/10/2014 00:00:00,4.8670,4.8790,4.4500,4.4990,5330400
24/10/2014 00:00:00,4.8110,4.8560,4.7610,4.8270,1512294
23/10/2014 00:00:00,4.8340,4.8630,4.7180,4.8320,1866866
22/10/2014 00:00:00,4.7320,4.7750,4.6840,4.7500,1667422
21/10/2014 00:00:00,4.4980,4.7070,4.4690,4.7070,2031921
20/10/2014 00:00:00,4.4860,4.5320,4.4250,4.5070,2536203
17/10/2014 00:00:00,4.4430,4.5870,4.4310,4.5000,3801718
16/10/2014 00:00:00,4.4650,4.5040,4.2830,4.4120,4606748
15/10/2014 00:00:00,4.5840,4.7140,4.3640,4.4280,5075980
14/10/2014 00:00:00,4.6280,4.6810,4.5580,4.5580,3533432
13/10/2014 00:00:00,4.7000,4.7400,4.6410,4.6590,2217256
10/10/2014 00:00:00,4.8900,4.9010,4.7420,4.7420,2939528
09/10/2014 00:00:00,4.9890,4.9990,4.9250,4.9390,1909368
08/10/2014 00:00:00,4.9150,4.9650,4.9150,4.9510,2692653
07/10/2014 00:00:00,4.9530,5.0060,4.9370,4.9490,3163472
06/10/2014 00:00:00,4.9670,5.0020,4.9530,4.9720,1945440
03/10/2014 00:00:00,4.9500,4.9760,4.9260,4.9550,1802579
02/10/2014 00:00:00,4.9410,4.9670,4.9090,4.9200,3372842
01/10/2014 00:00:00,5.0000,5.0360,4.9500,4.9550,5445539
30/09/2014 00:00:00,4.9630,5.0180,4.9260,5.0140,1973953
29/09/2014 00:00:00,4.9300,4.9820,4.9010,4.9620,1533995
26/09/2014 00:00:00,5.0000,5.0140,4.9430,4.9500,3138718
25/09/2014 00:00:00,5.0800,5.1100,5.0040,5.0140,3447557
24/09/2014 00:00:00,5.1990,5.2040,4.9100,5.0780,13800654
23/09/2014 00:00:00,5.6650,5.6760,5.5960,5.6170,1287521
22/09/2014 00:00:00,5.7250,5.7590,5.6770,5.6860,833194
19/09/2014 00:00:00,5.8000,5.8640,5.7380,5.7380,2170503
18/09/2014 00:00:00,5.6020,5.7740,5.6020,5.7740,1467531
17/09/2014 00:00:00,5.6180,5.6550,5.5920,5.6010,1506207
16/09/2014 00:00:00,5.6010,5.6300,5.5510,5.6110,1147054
15/09/2014 00:00:00,5.6580,5.6820,5.5880,5.6090,783437
12/09/2014 00:00:00,5.6640,5.7250,5.6510,5.6860,564429
11/09/2014 00:00:00,5.6370,5.6790,5.6350,5.6670,1175323
10/09/2014 00:00:00,5.6210,5.6390,5.5890,5.6320,1443617
09/09/2014 00:00:00,5.7160,5.7460,5.6680,5.6680,919918
08/09/2014 00:00:00,5.7000,5.7250,5.6720,5.7160,758821
05/09/2014 00:00:00,5.6920,5.7440,5.6820,5.6960,823473
04/09/2014 00:00:00,5.6580,5.7190,5.6460,5.7030,1182238
03/09/2014 00:00:00,5.6580,5.7050,5.6400,5.6530,1095813
02/09/2014 00:00:00,5.6470,5.6920,5.6400,5.6550,815910
01/09/2014 00:00:00,5.6880,5.7400,5.6170,5.6230,942154
29/08/2014 00:00:00,5.7350,5.7350,5.6470,5.6880,920587
28/08/2014 00:00:00,5.8440,5.8500,5.7040,5.7230,1385165
27/08/2014 00:00:00,5.7990,5.8810,5.7780,5.8540,1837897
26/08/2014 00:00:00,5.6760,5.8040,5.6550,5.8010,838516
25/08/2014 00:00:00,5.7000,5.7030,5.6710,5.6850,498677
22/08/2014 00:00:00,5.6700,5.6760,5.6150,5.6660,944002
21/08/2014 00:00:00,5.6810,5.6940,5.6280,5.6670,727748
20/08/2014 00:00:00,5.6400,5.6730,5.6160,5.6660,1229440
19/08/2014 00:00:00,5.5780,5.6400,5.5680,5.6370,1334067
18/08/2014 00:00:00,5.6000,5.6290,5.5740,5.5850,1604320
15/08/2014 00:00:00,5.5700,5.5900,5.5200,5.5500,2767009
14/08/2014 00:00:00,5.5520,5.5900,5.5210,5.5670,1789400
13/08/2014 00:00:00,5.6000,5.6230,5.5370,5.5660,1719470
12/08/2014 00:00:00,5.6080,5.6150,5.5690,5.5870,2004243
11/08/2014 00:00:00,5.6500,5.6640,5.5910,5.6130,1672618
08/08/2014 00:00:00,5.6290,5.6400,5.5080,5.5940,2990822
07/08/2014 00:00:00,5.7680,5.7700,5.6530,5.6840,2326474
06/08/2014 00:00:00,5.8580,5.8650,5.6890,5.7810,2337520
05/08/2014 00:00:00,5.8120,5.9250,5.8110,5.9070,1643004
04/08/2014 00:00:00,5.9510,5.9510,5.8000,5.8910,2810639
01/08/2014 00:00:00,6.0070,6.0400,5.9240,5.9510,2923905
31/07/2014 00:00:00,6.0200,6.0320,5.9390,6.0300,2576311
30/07/2014 00:00:00,6.0040,6.0740,5.9120,6.0150,3560820
29/07/2014 00:00:00,6.1500,6.1500,5.9570,6.0510,3294950
28/07/2014 00:00:00,6.3970,6.4280,6.0220,6.1100,6350455
25/07/2014 00:00:00,6.4950,6.5980,6.4650,6.4860,1072681
24/07/2014 00:00:00,6.4500,6.5440,6.4010,6.5010,1513146
23/07/2014 00:00:00,6.4350,6.4560,6.3890,6.4390,1285746
22/07/2014 00:00:00,6.4300,6.4590,6.3520,6.4300,1359039
21/07/2014 00:00:00,6.4050,6.4260,6.3510,6.4120,1305950
18/07/2014 00:00:00,6.3740,6.4210,6.3340,6.4160,943125
17/07/2014 00:00:00,6.3800,6.4280,6.3610,6.4080,1006973
16/07/2014 00:00:00,6.3490,6.4450,6.2320,6.4010,1907753
15/07/2014 00:00:00,6.4410,6.4950,6.4410,6.4760,682376
14/07/2014 00:00:00,6.3960,6.4790,6.3710,6.4690,1342620
11/07/2014 00:00:00,6.4370,6.4580,6.3710,6.4050,661478
10/07/2014 00:00:00,6.5850,6.5850,6.4000,6.4390,1631868
09/07/2014 00:00:00,6.4720,6.5890,6.4160,6.5690,1884709
08/07/2014 00:00:00,6.6250,6.6260,6.4500,6.4720,1612234
07/07/2014 00:00:00,6.6480,6.7200,6.6070,6.6160,1137850
04/07/2014 00:00:00,6.7030,6.7210,6.6400,6.6600,674067
03/07/2014 00:00:00,6.6500,6.7250,6.6220,6.7150,1118901
02/07/2014 00:00:00,6.6520,6.7190,6.5900,6.6330,1112502
01/07/2014 00:00:00,6.6200,6.6690,6.6090,6.6600,1332659
30/06/2014 00:00:00,6.5100,6.6110,6.4970,6.6100,1703359
27/06/2014 00:00:00,6.4980,6.5100,6.4360,6.5100,1144900
26/06/2014 00:00:00,6.5510,6.5740,6.4180,6.4790,1178136
25/06/2014 00:00:00,6.4870,6.5620,6.4280,6.5240,1302375
24/06/2014 00:00:00,6.5360,6.5640,6.5000,6.5100,1238500
23/06/2014 00:00:00,6.6610,6.6610,6.5270,6.5270,1378243
20/06/2014 00:00:00,6.7100,6.7980,6.6310,6.6360,2568851
19/06/2014 00:00:00,6.5780,6.7090,6.5750,6.7090,1919064
18/06/2014 00:00:00,6.5310,6.5790,6.4950,6.5260,1402197
17/06/2014 00:00:00,6.4910,6.5840,6.4840,6.5440,1442238
16/06/2014 00:00:00,6.4600,6.5190,6.4020,6.4640,1148287
13/06/2014 00:00:00,6.4600,6.4970,6.3940,6.4600,1000883
12/06/2014 00:00:00,6.4250,6.4640,6.4000,6.4570,1308510
11/06/2014 00:00:00,6.5640,6.5800,6.4310,6.4310,1739170
10/06/2014 00:00:00,6.6630,6.6990,6.5800,6.5800,2180180
09/06/2014 00:00:00,6.6900,6.7200,6.6740,6.6880,1115903
06/06/2014 00:00:00,6.5980,6.6620,6.5980,6.6480,1981214
05/06/2014 00:00:00,6.5760,6.6280,6.5100,6.5750,1893312
04/06/2014 00:00:00,6.5200,6.6290,6.4710,6.5510,2456296
03/06/2014 00:00:00,6.5080,6.5220,6.3810,6.4030,1529992
02/06/2014 00:00:00,6.5630,6.5660,6.5110,6.5440,1074202
30/05/2014 00:00:00,6.5280,6.5740,6.4950,6.5560,1517658
29/05/2014 00:00:00,6.4260,6.5170,6.4250,6.5170,920590
28/05/2014 00:00:00,6.4950,6.5150,6.3760,6.4260,1104626
27/05/2014 00:00:00,6.4740,6.5310,6.4600,6.4770,1021392
26/05/2014 00:00:00,6.5410,6.5700,6.4880,6.4880,460076
23/05/2014 00:00:00,6.3550,6.5650,6.3480,6.5150,988977
22/05/2014 00:00:00,6.3890,6.4100,6.3400,6.3590,928088
21/05/2014 00:00:00,6.4020,6.4450,6.3500,6.3660,791891
20/05/2014 00:00:00,6.4320,6.4720,6.4000,6.4060,778452
19/05/2014 00:00:00,6.3610,6.4320,6.3300,6.4150,1281255
16/05/2014 00:00:00,6.4710,6.4780,6.3180,6.3620,2204865
15/05/2014 00:00:00,6.5400,6.6080,6.4530,6.4610,1035867
14/05/2014 00:00:00,6.7580,6.7720,6.5660,6.5770,1432288
13/05/2014 00:00:00,6.7000,6.8490,6.6670,6.7440,2668462
12/05/2014 00:00:00,6.4760,6.5600,6.4400,6.5560,1336741
09/05/2014 00:00:00,6.3920,6.4480,6.3440,6.4480,1084852
08/05/2014 00:00:00,6.3830,6.4350,6.3390,6.3890,1421485
07/05/2014 00:00:00,6.3710,6.3820,6.2600,6.3660,2983441
06/05/2014 00:00:00,6.4770,6.5450,6.3470,6.3810,1338707
05/05/2014 00:00:00,6.4900,6.4930,6.3120,6.4680,1409939
02/05/2014 00:00:00,6.5040,6.5920,6.4840,6.5060,1640505
30/04/2014 00:00:00,6.4890,6.5200,6.4000,6.4900,2653917
29/04/2014 00:00:00,6.6080,6.6080,6.4560,6.5100,1311890
28/04/2014 00:00:00,6.6530,6.7000,6.5400,6.5710,1744512
25/04/2014 00:00:00,6.6780,6.7300,6.5850,6.6070,1557637
24/04/2014 00:00:00,6.7880,6.9150,6.6890,6.7000,2152228
23/04/2014 00:00:00,6.7550,6.7850,6.7080,6.7570,910792
22/04/2014 00:00:00,6.7190,6.8150,6.6960,6.8030,1390263
17/04/2014 00:00:00,6.5730,6.7200,6.5710,6.6820,1466030
16/04/2014 00:00:00,6.5480,6.5900,6.5030,6.5800,1275883
15/04/2014 00:00:00,6.6040,6.6720,6.4850,6.5050,1685817
14/04/2014 00:00:00,6.5960,6.6110,6.5000,6.6070,1428107
11/04/2014 00:00:00,6.7200,6.7220,6.6100,6.6390,1389194
10/04/2014 00:00:00,6.9600,6.9620,6.7820,6.8090,1810637
09/04/2014 00:00:00,6.9710,6.9840,6.8860,6.9690,1080281
08/04/2014 00:00:00,6.9620,6.9850,6.9030,6.9490,971076
07/04/2014 00:00:00,6.9600,7.0500,6.9370,6.9700,1126283
04/04/2014 00:00:00,7.1850,7.2080,6.9920,7.0180,2122209
03/04/2014 00:00:00,7.2490,7.2800,7.2040,7.2370,1292715
02/04/2014 00:00:00,7.1780,7.2500,7.1780,7.2300,873698
01/04/2014 00:00:00,7.1430,7.2110,7.1230,7.1940,1358955
31/03/2014 00:00:00,7.1590,7.1660,7.0970,7.1290,1844232
28/03/2014 00:00:00,7.0900,7.1690,7.0880,7.1160,1687478
27/03/2014 00:00:00,7.0360,7.0790,7.0210,7.0650,1680393
26/03/2014 00:00:00,7.0460,7.0980,7.0260,7.0750,1918858
25/03/2014 00:00:00,6.9060,7.0500,6.8990,7.0420,1186051
24/03/2014 00:00:00,6.9740,7.0740,6.8770,6.9050,1389459
21/03/2014 00:00:00,6.9710,7.0460,6.9050,6.9550,5157667
20/03/2014 00:00:00,6.6840,6.7350,6.6590,6.7350,1170238
19/03/2014 00:00:00,6.7750,6.8230,6.7170,6.7490,1833420
18/03/2014 00:00:00,6.7290,6.8160,6.6640,6.7880,1178832
17/03/2014 00:00:00,6.6050,6.7730,6.5910,6.7510,1214374
14/03/2014 00:00:00,6.6810,6.6940,6.5560,6.5900,2090335
13/03/2014 00:00:00,6.8060,6.8130,6.7130,6.7300,1224682
12/03/2014 00:00:00,6.7890,6.8900,6.7560,6.7800,1864957
11/03/2014 00:00:00,6.8800,6.9010,6.7800,6.7980,2126583
10/03/2014 00:00:00,6.9460,6.9970,6.8800,6.9000,1446169
07/03/2014 00:00:00,7.0980,7.0980,6.9460,6.9460,1263893
06/03/2014 00:00:00,7.0270,7.1260,7.0170,7.0770,1115670
05/03/2014 00:00:00,7.0130,7.0280,6.9450,6.9950,1650493
04/03/2014 00:00:00,6.9470,7.0500,6.9380,7.0220,2003611
03/03/2014 00:00:00,6.9630,7.0060,6.8540,6.8610,1738659
28/02/2014 00:00:00,7.0400,7.1500,6.9990,7.0550,7774474
27/02/2014 00:00:00,7.0290,7.0500,6.9160,7.0180,1433324
26/02/2014 00:00:00,7.0780,7.0930,7.0110,7.0150,2028507
25/02/2014 00:00:00,7.0360,7.0610,6.9500,7.0610,2244101
24/02/2014 00:00:00,6.8980,7.0460,6.8440,7.0460,2409983
21/02/2014 00:00:00,6.8140,6.9520,6.8140,6.9180,1965712
20/02/2014 00:00:00,6.7870,6.8340,6.7450,6.8220,1755393
19/02/2014 00:00:00,6.7030,6.8400,6.6720,6.8360,1586451
18/02/2014 00:00:00,6.9400,6.9590,6.7040,6.7140,2720951
17/02/2014 00:00:00,6.7000,6.8190,6.6970,6.7580,1571854
14/02/2014 00:00:00,6.6480,6.7140,6.6480,6.6910,1024332
13/02/2014 00:00:00,6.5880,6.6580,6.5600,6.6470,1115518
12/02/2014 00:00:00,6.6400,6.6670,6.5750,6.5880,1162145
11/02/2014 00:00:00,6.5560,6.6390,6.5440,6.6390,1267465
10/02/2014 00:00:00,6.5660,6.5990,6.4880,6.5180,1045726
07/02/2014 00:00:00,6.5450,6.5900,6.5220,6.5690,1209067
06/02/2014 00:00:00,6.6020,6.6200,6.4810,6.5260,1857464
05/02/2014 00:00:00,6.4970,6.6520,6.4600,6.6000,1921269
04/02/2014 00:00:00,6.5080,6.5270,6.4380,6.4870,1703950
03/02/2014 00:00:00,6.5260,6.6710,6.5090,6.5300,1561878
31/01/2014 00:00:00,6.5370,6.5970,6.4630,6.5420,1226366
30/01/2014 00:00:00,6.5250,6.5840,6.4860,6.5510,1253856
29/01/2014 00:00:00,6.5850,6.6850,6.5410,6.6020,1442525
28/01/2014 00:00:00,6.5950,6.6200,6.5000,6.5510,1515480
27/01/2014 00:00:00,6.5730,6.6100,6.5000,6.5720,1134722
24/01/2014 00:00:00,6.6920,6.7450,6.5710,6.5930,1917545
23/01/2014 00:00:00,6.7790,6.8400,6.6800,6.6970,1090714
22/01/2014 00:00:00,6.8020,6.8740,6.7630,6.8110,1534116
21/01/2014 00:00:00,6.8310,6.9270,6.7600,6.7900,2452102
20/01/2014 00:00:00,7.0980,7.3240,6.9600,6.9700,2248326
17/01/2014 00:00:00,7.0260,7.1590,7.0060,7.1440,2241797
16/01/2014 00:00:00,6.9290,7.0230,6.9290,7.0190,1126830
15/01/2014 00:00:00,6.9150,6.9600,6.9000,6.9360,1189542
14/01/2014 00:00:00,6.7900,6.8980,6.7660,6.8980,1110809
13/01/2014 00:00:00,6.9150,6.9400,6.8350,6.8490,782089
10/01/2014 00:00:00,6.8500,6.9300,6.8350,6.9180,871175
09/01/2014 00:00:00,6.8470,6.9320,6.8100,6.8330,1990142
08/01/2014 00:00:00,6.8360,6.8780,6.8060,6.8230,986234
07/01/2014 00:00:00,6.7900,6.8360,6.7620,6.8120,1617432
06/01/2014 00:00:00,6.8480,6.8650,6.8000,6.8000,1393528
03/01/2014 00:00:00,6.7390,6.8780,6.7000,6.8400,1346914
02/01/2014 00:00:00,6.7610,6.7970,6.6880,6.7240,1648743
31/12/2013 00:00:00,6.7500,6.7860,6.7140,6.7480,315345
30/12/2013 00:00:00,6.8050,6.8550,6.7270,6.7430,1381005
27/12/2013 00:00:00,6.7470,6.8500,6.7390,6.7600,1441489
24/12/2013 00:00:00,6.7370,6.7530,6.6620,6.7110,307287
23/12/2013 00:00:00,6.6870,6.7860,6.6850,6.7160,1271233
20/12/2013 00:00:00,6.6100,6.7240,6.5730,6.6760,4812367
19/12/2013 00:00:00,6.5500,6.6100,6.5380,6.6010,1430413
18/12/2013 00:00:00,6.4500,6.5100,6.3840,6.4640,2366060
17/12/2013 00:00:00,6.3500,6.5170,6.3500,6.4440,1764877
16/12/2013 00:00:00,6.2200,6.4000,6.2190,6.3620,2146455
13/12/2013 00:00:00,6.2340,6.3010,6.2040,6.2300,2219744
12/12/2013 00:00:00,6.2100,6.2280,6.0810,6.1420,2860052
11/12/2013 00:00:00,6.2500,6.3440,6.2300,6.2470,1528062
10/12/2013 00:00:00,6.3000,6.3320,6.2550,6.2710,1882404
09/12/2013 00:00:00,6.3380,6.3600,6.2590,6.3000,2179804
06/12/2013 00:00:00,6.2600,6.3620,6.2320,6.2980,9303403
05/12/2013 00:00:00,6.5000,6.6140,6.4510,6.6100,1616259
04/12/2013 00:00:00,6.6720,6.7040,6.5020,6.5120,1624883
03/12/2013 00:00:00,6.8350,6.8550,6.6750,6.6790,1594211
02/12/2013 00:00:00,6.7360,6.8680,6.7360,6.8320,1536170
29/11/2013 00:00:00,6.7040,6.7900,6.6810,6.7490,814563
28/11/2013 00:00:00,6.6650,6.7800,6.6650,6.7630,767773
27/11/2013 00:00:00,6.6300,6.7710,6.6300,6.6760,1472545
26/11/2013 00:00:00,6.6310,6.6910,6.5910,6.6280,1027547
25/11/2013 00:00:00,6.6340,6.7470,6.6340,6.6510,818790
22/11/2013 00:00:00,6.5960,6.6800,6.5960,6.6340,1057755
21/11/2013 00:00:00,6.5970,6.6210,6.5500,6.6130,1131695
20/11/2013 00:00:00,6.5320,6.6010,6.5320,6.5940,1017047
19/11/2013 00:00:00,6.6000,6.6050,6.5270,6.5590,1155378
18/11/2013 00:00:00,6.5920,6.6540,6.5710,6.6140,1093620
15/11/2013 00:00:00,6.6340,6.6550,6.5840,6.6120,1243543
14/11/2013 00:00:00,6.6800,6.6920,6.5510,6.6100,1264021
13/11/2013 00:00:00,6.5750,6.6960,6.5720,6.6210,1246225
12/11/2013 00:00:00,6.6100,6.6570,6.5450,6.6080,1210272
11/11/2013 00:00:00,6.5790,6.6700,6.5790,6.6050,1135599
08/11/2013 00:00:00,6.5250,6.6260,6.4980,6.5700,1412200
07/11/2013 00:00:00,6.6500,6.6660,6.5250,6.5520,2253757
06/11/2013 00:00:00,6.6980,6.7310,6.6480,6.6590,1794904
05/11/2013 00:00:00,6.7000,6.7320,6.6400,6.6650,1722314
04/11/2013 00:00:00,6.8200,6.8740,6.6680,6.6780,2648871
01/11/2013 00:00:00,6.8300,6.9000,6.7820,6.7900,1472101
31/10/2013 00:00:00,6.8000,6.8280,6.7390,6.8000,1499098
30/10/2013 00:00:00,6.8870,6.9640,6.7960,6.8140,1733597
29/10/2013 00:00:00,6.8890,7.0260,6.8080,6.8900,2529288
28/10/2013 00:00:00,6.7730,7.1200,6.7440,7.0900,4507035
25/10/2013 00:00:00,6.9040,6.9040,6.7750,6.8000,2371075
24/10/2013 00:00:00,6.8380,6.9760,6.8360,6.8770,1700573
23/10/2013 00:00:00,6.8500,6.8600,6.7060,6.7990,1478094
22/10/2013 00:00:00,6.5690,6.9000,6.5500,6.8680,2387597
21/10/2013 00:00:00,6.5400,6.5950,6.4600,6.5740,2367052
18/10/2013 00:00:00,6.6290,6.6360,6.5820,6.6090,2126740
17/10/2013 00:00:00,6.6380,6.6910,6.5810,6.6060,1095589
16/10/2013 00:00:00,6.5200,6.6800,6.4890,6.6690,1720489
15/10/2013 00:00:00,6.6370,6.7520,6.6250,6.6790,1546155
14/10/2013 00:00:00,6.5540,6.6190,6.5540,6.6110,822931
11/10/2013 00:00:00,6.6550,6.6860,6.5650,6.5860,1522920
10/10/2013 00:00:00,6.6030,6.6730,6.5770,6.6590,1391876
09/10/2013 00:00:00,6.6010,6.6380,6.5310,6.5840,1303280
08/10/2013 00:00:00,6.5980,6.7050,6.5830,6.6380,1456360
07/10/2013 00:00:00,6.7700,6.7730,6.5200,6.5600,2909096
04/10/2013 00:00:00,6.7100,6.8080,6.7100,6.7600,1073076
03/10/2013 00:00:00,6.8090,6.8620,6.7410,6.7600,1441130
02/10/2013 00:00:00,6.9340,6.9360,6.8040,6.8490,1641940
01/10/2013 00:00:00,6.7670,6.9380,6.7560,6.9380,1163274
30/09/2013 00:00:00,6.7740,6.8320,6.6920,6.7480,1619435
27/09/2013 00:00:00,6.7370,6.8990,6.7370,6.8450,1372499
26/09/2013 00:00:00,6.7300,6.8070,6.6800,6.7550,1051197
25/09/2013 00:00:00,6.8110,6.8130,6.6970,6.7320,1336323
24/09/2013 00:00:00,6.8730,6.9000,6.7900,6.8380,1362557
23/09/2013 00:00:00,7.0000,7.0150,6.9000,6.9180,1299468
20/09/2013 00:00:00,6.8800,7.0320,6.8800,7.0290,1977998
19/09/2013 00:00:00,7.0330,7.0490,6.8640,6.9000,1392361
18/09/2013 00:00:00,7.0350,7.1480,6.9890,7.0120,1465132
17/09/2013 00:00:00,7.0300,7.1220,7.0110,7.0510,1772658
16/09/2013 00:00:00,7.0340,7.1120,7.0050,7.0410,1445973
13/09/2013 00:00:00,6.9320,7.0500,6.9130,6.9700,1362977
12/09/2013 00:00:00,6.9900,7.0100,6.9380,6.9570,780109
11/09/2013 00:00:00,6.9130,7.0310,6.9090,6.9900,1341951
10/09/2013 00:00:00,6.9760,7.0020,6.8920,6.9010,1710626
09/09/2013 00:00:00,6.9010,6.9820,6.8710,6.9280,1146440
06/09/2013 00:00:00,6.8560,6.9700,6.8160,6.8890,1499779
05/09/2013 00:00:00,6.7500,6.8660,6.7360,6.8570,851044
04/09/2013 00:00:00,6.7380,6.7740,6.6960,6.7370,1077456
03/09/2013 00:00:00,6.7340,6.8240,6.7150,6.7390,1501438
02/09/2013 00:00:00,6.6920,6.7960,6.6920,6.7310,623996
30/08/2013 00:00:00,6.6970,6.7000,6.6020,6.6700,1633238
29/08/2013 00:00:00,6.6880,6.7100,6.6160,6.6850,895882
28/08/2013 00:00:00,6.4800,6.6800,6.4710,6.6640,2053327
27/08/2013 00:00:00,6.7300,6.7370,6.4040,6.5000,2696911
26/08/2013 00:00:00,6.8950,6.8950,6.7090,6.7310,1010005
23/08/2013 00:00:00,6.8350,7.0070,6.8260,6.8960,1880376
22/08/2013 00:00:00,6.5370,6.8580,6.5370,6.8240,2235650
21/08/2013 00:00:00,6.5670,6.5900,6.4880,6.5380,1527106
20/08/2013 00:00:00,6.7110,6.7120,6.4740,6.5680,1785884
19/08/2013 00:00:00,6.6740,6.7660,6.6520,6.7180,1526824
16/08/2013 00:00:00,6.5640,6.6750,6.5640,6.6750,1111896
15/08/2013 00:00:00,6.6530,6.6810,6.5340,6.5650,1739483
14/08/2013 00:00:00,6.6300,6.6950,6.6230,6.6540,1421896
13/08/2013 00:00:00,6.4950,6.6170,6.4880,6.6130,1576149
12/08/2013 00:00:00,6.4590,6.5000,6.3580,6.4850,1277198
09/08/2013 00:00:00,6.4200,6.4800,6.4040,6.4660,668555
08/08/2013 00:00:00,6.3640,6.4980,6.3270,6.4110,1228496
07/08/2013 00:00:00,6.3000,6.3650,6.2480,6.3230,1579026
06/08/2013 00:00:00,6.1980,6.3360,6.1980,6.3120,2003582
05/08/2013 00:00:00,6.2220,6.2220,6.1350,6.1990,1305826
02/08/2013 00:00:00,6.0880,6.2250,6.0870,6.2010,1904808
01/08/2013 00:00:00,5.9680,6.0820,5.9640,6.0490,1896268
31/07/2013 00:00:00,5.9580,6.0000,5.8980,5.9090,1440665
30/07/2013 00:00:00,5.8600,6.0200,5.8600,5.9330,2187627
29/07/2013 00:00:00,6.0500,6.0620,5.6940,5.8590,3613373
26/07/2013 00:00:00,6.2040,6.3420,6.1410,6.1410,2304748
25/07/2013 00:00:00,6.1830,6.2420,6.1630,6.1900,1376377
24/07/2013 00:00:00,6.0280,6.2020,6.0090,6.1980,1453723
23/07/2013 00:00:00,5.9830,6.0900,5.6740,6.0100,1735629
22/07/2013 00:00:00,6.0400,6.0450,5.9770,5.9840,1129061
19/07/2013 00:00:00,6.0410,6.0970,6.0230,6.0410,1551530
18/07/2013 00:00:00,5.9930,6.0510,5.9830,6.0450,1512743
17/07/2013 00:00:00,5.9980,6.0500,5.9630,5.9940,1164029
16/07/2013 00:00:00,6.0090,6.0180,5.9580,5.9680,1356193
15/07/2013 00:00:00,5.9300,6.0030,5.8860,5.9840,1485665
12/07/2013 00:00:00,5.9920,6.0200,5.9350,5.9810,1926796
11/07/2013 00:00:00,5.9800,6.0200,5.9650,5.9900,1227195
10/07/2013 00:00:00,5.9080,5.9550,5.9030,5.9380,1241859
09/07/2013 00:00:00,5.9040,5.9360,5.8890,5.9090,1405050
08/07/2013 00:00:00,5.9000,5.9080,5.8570,5.8620,1071422
05/07/2013 00:00:00,5.8550,5.9300,5.8160,5.8460,969123
04/07/2013 00:00:00,5.8390,5.9330,5.8370,5.8560,1102426
03/07/2013 00:00:00,5.8500,5.8500,5.7810,5.8260,1021615
02/07/2013 00:00:00,5.8300,5.8970,5.8200,5.8610,814806
01/07/2013 00:00:00,5.7870,5.8630,5.7870,5.8310,1175770
28/06/2013 00:00:00,5.8340,5.8690,5.7410,5.7620,1150052
27/06/2013 00:00:00,5.7520,5.8600,5.7470,5.8210,1079813
26/06/2013 00:00:00,5.6080,5.7780,5.5960,5.7530,1429128
25/06/2013 00:00:00,5.6630,5.6670,5.5940,5.6100,1217426
24/06/2013 00:00:00,5.6970,5.6970,5.5810,5.5970,2211835
21/06/2013 00:00:00,5.8110,5.8670,5.7530,5.7530,1953329
20/06/2013 00:00:00,5.8670,5.8670,5.7920,5.8330,1831638
19/06/2013 00:00:00,5.9870,5.9870,5.8820,5.8990,2170410
18/06/2013 00:00:00,5.7630,6.0260,5.7630,5.9370,3017721
17/06/2013 00:00:00,5.7480,5.8130,5.7230,5.7920,858886
14/06/2013 00:00:00,5.6630,5.7920,5.6600,5.7500,1310855
13/06/2013 00:00:00,5.6720,5.6730,5.5940,5.6700,1815427
12/06/2013 00:00:00,5.6980,5.7380,5.6890,5.7200,1433698
11/06/2013 00:00:00,5.7160,5.7210,5.6690,5.7050,1405178
10/06/2013 00:00:00,5.7490,5.7730,5.7320,5.7440,1030186
07/06/2013 00:00:00,5.8110,5.8110,5.7280,5.7490,1825695
06/06/2013 00:00:00,5.8500,5.8880,5.8130,5.8170,895451
05/06/2013 00:00:00,5.8680,5.9400,5.8550,5.8670,1225889
04/06/2013 00:00:00,5.9000,5.9170,5.8500,5.8650,1640449
03/06/2013 00:00:00,5.8900,5.9040,5.8730,5.8800,1892641
31/05/2013 00:00:00,5.9370,6.0000,5.8910,5.9330,3536394
30/05/2013 00:00:00,5.8950,5.9550,5.8800,5.9390,1493712
29/05/2013 00:00:00,5.9000,5.9160,5.8870,5.8910,1724389
28/05/2013 00:00:00,5.9940,6.0040,5.8920,5.9380,2061946
27/05/2013 00:00:00,5.9380,6.0400,5.9380,6.0000,748546
24/05/2013 00:00:00,5.9570,5.9950,5.8940,5.9300,1548130
23/05/2013 00:00:00,5.9730,6.0100,5.8750,5.9270,2832719
22/05/2013 00:00:00,6.0500,6.1100,6.0220,6.0560,1467765
21/05/2013 00:00:00,6.0440,6.0870,6.0000,6.0870,1706417
20/05/2013 00:00:00,6.0030,6.0730,5.9970,6.0510,906780
17/05/2013 00:00:00,6.0000,6.0820,5.9830,6.0550,1703777
16/05/2013 00:00:00,5.8500,6.0360,5.8300,6.0010,1970826
15/05/2013 00:00:00,5.8500,5.8700,5.8190,5.8650,1052495
14/05/2013 00:00:00,5.8070,5.8950,5.8070,5.8500,1555303
13/05/2013 00:00:00,5.8130,5.8460,5.7800,5.8000,1239257
10/05/2013 00:00:00,5.8180,5.8890,5.7880,5.8260,1658239
09/05/2013 00:00:00,5.8340,5.8620,5.8130,5.8290,846939
08/05/2013 00:00:00,5.7870,5.8610,5.7740,5.8500,1358648
07/05/2013 00:00:00,5.7790,5.9030,5.7730,5.8070,1252344
06/05/2013 00:00:00,5.8440,5.8700,5.8030,5.8230,607892
03/05/2013 00:00:00,5.8350,5.8970,5.7780,5.8640,1432993
02/05/2013 00:00:00,5.7400,5.8580,5.7400,5.8400,2233362
30/04/2013 00:00:00,5.9380,5.9600,5.8070,5.8340,1754924
29/04/2013 00:00:00,5.8020,5.9590,5.7800,5.9320,1521146
26/04/2013 00:00:00,5.8660,5.9540,5.8580,5.8620,1023557
25/04/2013 00:00:00,5.8790,5.9410,5.8170,5.9260,1331946
24/04/2013 00:00:00,5.8250,5.9330,5.8250,5.8450,1197878
23/04/2013 00:00:00,5.7790,5.8670,5.6990,5.8590,1144981
22/04/2013 00:00:00,5.8500,5.8800,5.7270,5.7590,1490593
19/04/2013 00:00:00,5.7460,5.8440,5.7450,5.8060,1159694
18/04/2013 00:00:00,5.7640,5.8200,5.7290,5.7450,1379223
17/04/2013 00:00:00,5.8580,5.8580,5.6660,5.7740,3088062
16/04/2013 00:00:00,5.7760,5.9660,5.7620,5.8570,2466655
15/04/2013 00:00:00,5.8470,5.8800,5.7770,5.8190,1541466
12/04/2013 00:00:00,5.9000,5.9490,5.8470,5.8590,1858560
11/04/2013 00:00:00,5.8250,5.9500,5.8210,5.9280,1787747
10/04/2013 00:00:00,5.7700,5.8430,5.7700,5.8210,1446583
09/04/2013 00:00:00,5.7960,5.8070,5.7180,5.7610,1664895
08/04/2013 00:00:00,5.8000,5.8080,5.7220,5.7500,1721488
05/04/2013 00:00:00,5.7360,5.7870,5.6500,5.7560,2581746
04/04/2013 00:00:00,5.7540,5.7830,5.7110,5.7450,2540811
03/04/2013 00:00:00,5.7270,5.7840,5.7160,5.7540,1787821
02/04/2013 00:00:00,5.7200,5.8060,5.7040,5.7600,1488318
28/03/2013 00:00:00,5.6370,5.7800,5.6320,5.7180,1750147
27/03/2013 00:00:00,5.7500,5.7860,5.6240,5.6460,3827253
26/03/2013 00:00:00,5.7040,5.7430,5.6120,5.7340,2460359
25/03/2013 00:00:00,6.0100,6.0400,5.5400,5.6360,5875572
22/03/2013 00:00:00,5.9350,5.9600,5.8530,5.9010,3042923
21/03/2013 00:00:00,5.9640,5.9910,5.9420,5.9600,1517745
20/03/2013 00:00:00,6.0000,6.0250,5.9100,5.9770,2570482
19/03/2013 00:00:00,6.0520,6.0610,5.9370,5.9670,2066992
18/03/2013 00:00:00,6.0120,6.1000,6.0120,6.0990,1532272
15/03/2013 00:00:00,6.0600,6.1190,6.0350,6.1190,2507621
14/03/2013 00:00:00,5.9710,6.0760,5.9410,6.0530,1971902
13/03/2013 00:00:00,5.9710,6.0290,5.9360,5.9520,2157221
12/03/2013 00:00:00,5.9700,6.0490,5.9700,5.9870,1437290
11/03/2013 00:00:00,6.0500,6.1500,5.9480,5.9900,2166489
08/03/2013 00:00:00,6.0100,6.0650,5.9960,6.0300,1541997
07/03/2013 00:00:00,5.8860,6.0100,5.8670,6.0060,2815989
06/03/2013 00:00:00,5.8110,5.8630,5.8090,5.8630,1718534
05/03/2013 00:00:00,5.7510,5.9270,5.7510,5.7970,2628423
04/03/2013 00:00:00,5.7530,5.7960,5.7100,5.7680,2000524
01/03/2013 00:00:00,5.7900,5.8200,5.7470,5.7950,4454450
28/02/2013 00:00:00,5.6990,5.8200,5.6990,5.8000,3526537
27/02/2013 00:00:00,5.6350,5.7140,5.6000,5.6990,2703764
26/02/2013 00:00:00,5.5590,5.7000,5.5100,5.6310,4794419
25/02/2013 00:00:00,5.5850,5.7980,5.5850,5.7150,5553684
22/02/2013 00:00:00,5.5590,5.5860,5.5150,5.5600,3529588
21/02/2013 00:00:00,5.5500,5.5760,5.4780,5.5320,2884424
20/02/2013 00:00:00,5.6700,5.7200,5.5620,5.5870,3219297
19/02/2013 00:00:00,5.7420,5.7790,5.7010,5.7570,4239069
18/02/2013 00:00:00,5.4220,5.8750,5.4110,5.7830,11960604
15/02/2013 00:00:00,5.4600,5.5560,5.4580,5.5460,5016812
14/02/2013 00:00:00,5.4500,5.5050,5.4410,5.4590,2061970
13/02/2013 00:00:00,5.5000,5.5200,5.4500,5.4610,2348334
12/02/2013 00:00:00,5.5000,5.5020,5.4600,5.5000,2382321
11/02/2013 00:00:00,5.5000,5.5140,5.4610,5.5000,2858061
08/02/2013 00:00:00,5.5780,5.6000,5.4840,5.5000,2429804
07/02/2013 00:00:00,5.5900,5.6110,5.5570,5.5640,2482601
06/02/2013 00:00:00,5.6100,5.6650,5.5160,5.5640,4223015
05/02/2013 00:00:00,5.6000,5.6440,5.5100,5.6100,3767306
04/02/2013 00:00:00,5.7400,5.7610,5.5940,5.6110,3466159
01/02/2013 00:00:00,5.6980,5.8500,5.6600,5.7380,6024496
31/01/2013 00:00:00,5.5290,5.6870,5.4210,5.6590,7371553
30/01/2013 00:00:00,5.7230,5.7250,5.5000,5.5520,5477275
29/01/2013 00:00:00,5.6800,5.7300,5.5940,5.7050,3693928
28/01/2013 00:00:00,5.6780,5.7250,5.6400,5.6900,9049269
25/01/2013 00:00:00,5.4750,5.5070,5.4600,5.5070,3983760
24/01/2013 00:00:00,5.4700,5.4810,5.4440,5.4550,4207567
23/01/2013 00:00:00,5.4510,5.4990,5.4470,5.4800,4172719
22/01/2013 00:00:00,5.4800,5.5000,5.4100,5.4500,6464410
21/01/2013 00:00:00,5.5000,5.5690,5.2400,5.4510,6801052
18/01/2013 00:00:00,5.3700,5.4870,5.3660,5.4560,12782510
17/01/2013 00:00:00,5.1500,5.3200,5.1350,5.3200,16527631
16/01/2013 00:00:00,5.1900,5.1900,5.0260,5.1350,10705798
15/01/2013 00:00:00,4.9380,5.1800,4.8750,5.1150,30578490
14/01/2013 00:00:00,4.2000,4.9590,4.0510,4.8400,82852269
11/01/2013 00:00:00,8.1080,8.3390,8.0000,8.2450,10630788
10/01/2013 00:00:00,8.3770,8.5600,8.3770,8.5000,4093796
09/01/2013 00:00:00,8.1100,8.4200,8.0050,8.3900,3465920
08/01/2013 00:00:00,8.0000,8.1110,7.9260,8.0770,5414164
07/01/2013 00:00:00,8.3300,8.3610,8.1160,8.1800,3088539
04/01/2013 00:00:00,8.3500,8.3590,8.2040,8.3590,1773587
03/01/2013 00:00:00,8.3800,8.3920,8.3160,8.3500,1431093
02/01/2013 00:00:00,8.4600,8.4600,8.3370,8.3510,2276955
01/01/2013 00:00:00,8.43,8.4300,8.4300,8.4300,0
31/12/2012 00:00:00,8.4000,8.4300,8.4000,8.4300,392898
28/12/2012 00:00:00,8.4050,8.4600,8.3790,8.3900,1447573
27/12/2012 00:00:00,8.4970,8.4970,8.4060,8.4550,786085
26/12/2012 00:00:00,8.4620,8.5040,8.4410,8.4510,336258
25/12/2012 00:00:00,8.4620,8.5040,8.4410,8.4510,336258
24/12/2012 00:00:00,8.4620,8.5040,8.4410,8.4510,336258
21/12/2012 00:00:00,8.4000,8.5000,8.3310,8.4600,2598390
20/12/2012 00:00:00,8.2710,8.4910,8.2710,8.4130,3008098
19/12/2012 00:00:00,8.2500,8.3130,8.1840,8.3010,2571441
18/12/2012 00:00:00,7.9900,8.2700,7.9690,8.2100,4980981
17/12/2012 00:00:00,7.9900,7.9900,7.9240,7.9330,1791496
14/12/2012 00:00:00,7.9140,7.9900,7.8760,7.8810,1721751
13/12/2012 00:00:00,7.9580,8.0600,7.9080,7.9460,2538626
12/12/2012 00:00:00,7.8200,7.9500,7.7970,7.9150,3830778
11/12/2012 00:00:00,7.7290,7.8160,7.7290,7.8000,3235694
10/12/2012 00:00:00,7.7720,7.8060,7.7070,7.7520,1694231
07/12/2012 00:00:00,7.9400,7.9400,7.7130,7.7690,2914867
06/12/2012 00:00:00,7.6890,8.0100,7.6720,7.9030,7721660
05/12/2012 00:00:00,7.3490,7.6700,7.2720,7.6390,4970343
04/12/2012 00:00:00,7.4240,7.4470,7.2660,7.3450,1413308
03/12/2012 00:00:00,7.5100,7.5730,7.3890,7.4000,1461652
30/11/2012 00:00:00,7.6400,7.6900,7.4080,7.5000,3385169
29/11/2012 00:00:00,7.4500,7.6140,7.4500,7.5710,3063979
28/11/2012 00:00:00,7.6160,7.8000,6.8720,7.4700,10991792
27/11/2012 00:00:00,7.4950,7.6650,7.4790,7.6000,4232711
26/11/2012 00:00:00,7.2500,7.4720,7.2500,7.4530,3691628
23/11/2012 00:00:00,7.3120,7.4330,7.2560,7.3050,3849453
22/11/2012 00:00:00,7.2100,7.3700,7.1510,7.3320,3199873
21/11/2012 00:00:00,6.9580,7.2500,6.9290,7.1980,3739083
20/11/2012 00:00:00,6.9800,6.9800,6.9220,6.9500,980721
19/11/2012 00:00:00,6.9980,7.0310,6.9400,6.9860,1682807
16/11/2012 00:00:00,7.2410,7.2410,6.9220,6.9410,2711436
15/11/2012 00:00:00,7.1470,7.1470,6.9240,6.9600,3168092
14/11/2012 00:00:00,7.3580,7.3580,7.1450,7.1460,1352278
13/11/2012 00:00:00,7.0950,7.3750,7.0770,7.3410,2922494
12/11/2012 00:00:00,7.3870,7.4000,7.1320,7.1320,1715569
09/11/2012 00:00:00,7.3500,7.4990,7.3000,7.3530,3517789
08/11/2012 00:00:00,7.2420,7.3300,6.8790,7.3200,7938521
07/11/2012 00:00:00,7.6310,7.6720,7.2170,7.2170,10055524
06/11/2012 00:00:00,7.9110,7.9240,7.6150,7.6410,5950128
05/11/2012 00:00:00,7.9850,7.9850,7.6870,7.9400,7641671
02/11/2012 00:00:00,8.1740,8.2120,8.0630,8.0930,3100504
01/11/2012 00:00:00,8.1220,8.2320,8.1200,8.1900,2275383
31/10/2012 00:00:00,8.1860,8.2220,8.1000,8.1260,1709233
30/10/2012 00:00:00,8.2000,8.2800,8.0860,8.1500,1946792
29/10/2012 00:00:00,8.1700,8.2600,8.1120,8.2170,2432554
26/10/2012 00:00:00,8.3300,8.3430,8.1010,8.1560,2551499
25/10/2012 00:00:00,8.3390,8.4250,8.2280,8.3760,4070601
24/10/2012 00:00:00,8.1890,8.3190,8.1370,8.2920,5080204
23/10/2012 00:00:00,7.9700,8.2020,7.9660,8.1390,5396972
22/10/2012 00:00:00,7.8700,7.9460,7.7460,7.9130,3368303
19/10/2012 00:00:00,8.1000,8.1050,7.8510,7.8750,4960453
18/10/2012 00:00:00,8.0830,8.1350,8.0230,8.0500,2761894
17/10/2012 00:00:00,8.0500,8.1000,8.0320,8.0440,2520629
16/10/2012 00:00:00,8.1400,8.2100,8.1000,8.1720,1917282
15/10/2012 00:00:00,8.0950,8.1610,8.0700,8.1110,1490377
12/10/2012 00:00:00,8.0950,8.1050,8.0720,8.0920,1131688
11/10/2012 00:00:00,8.1500,8.1500,8.0500,8.1110,2267607
10/10/2012 00:00:00,7.9900,8.1900,7.9500,8.1500,1649629
09/10/2012 00:00:00,8.1210,8.1570,8.1020,8.1500,1093050
08/10/2012 00:00:00,8.1250,8.2100,8.1050,8.1210,859601
05/10/2012 00:00:00,8.3000,8.3230,8.0370,8.1770,2996628
04/10/2012 00:00:00,8.0560,8.3180,7.9980,8.2700,7151777
03/10/2012 00:00:00,8.0970,8.1000,8.0090,8.0550,1888813
02/10/2012 00:00:00,8.0800,8.2150,8.0600,8.1080,1693063
01/10/2012 00:00:00,8.1000,8.1610,8.0780,8.1170,1912633
28/09/2012 00:00:00,8.2000,8.2000,8.0500,8.1260,3097419
27/09/2012 00:00:00,8.0990,8.2050,8.0990,8.1900,2449797
26/09/2012 00:00:00,8.2670,8.2990,7.8620,8.0990,7307439
25/09/2012 00:00:00,8.2890,8.3000,8.2300,8.2850,3613905
24/09/2012 00:00:00,8.4000,8.4000,7.8400,8.2050,12783551
21/09/2012 00:00:00,8.7500,8.7840,8.4150,8.4220,8561596
20/09/2012 00:00:00,8.8400,8.8400,8.4290,8.7370,7332606
19/09/2012 00:00:00,8.8500,8.8880,8.8220,8.8400,2254800
18/09/2012 00:00:00,8.8440,8.9000,8.8430,8.8500,1620107
17/09/2012 00:00:00,8.7940,8.8490,8.7940,8.8440,1306168
14/09/2012 00:00:00,8.8790,8.8790,8.8400,8.8500,1958381
13/09/2012 00:00:00,8.8740,8.8770,8.8360,8.8490,1798689
12/09/2012 00:00:00,8.9000,8.9000,8.8470,8.8470,1919346
11/09/2012 00:00:00,8.8660,8.9050,8.8660,8.8790,1474648
10/09/2012 00:00:00,8.9000,8.9420,8.8900,8.8970,1125829
07/09/2012 00:00:00,8.8950,8.9150,8.8740,8.9100,1951427
06/09/2012 00:00:00,8.8700,8.9000,8.8500,8.8980,1834292
05/09/2012 00:00:00,8.9000,8.9040,8.8650,8.8780,2012047
04/09/2012 00:00:00,8.9010,8.9390,8.8670,8.8900,1544962
03/09/2012 00:00:00,8.9300,8.9490,8.8950,8.9230,1196164
31/08/2012 00:00:00,8.9310,8.9520,8.9190,8.9520,1727806
30/08/2012 00:00:00,8.9430,8.9650,8.9300,8.9400,1864915
29/08/2012 00:00:00,8.9300,8.9490,8.9230,8.9340,1364778
28/08/2012 00:00:00,8.9400,8.9430,8.9060,8.9300,1354663
27/08/2012 00:00:00,8.9450,8.9580,8.9030,8.9240,896453
24/08/2012 00:00:00,8.9240,8.9450,8.9180,8.9300,2491210
23/08/2012 00:00:00,8.8800,8.9450,8.8530,8.9400,4761997
22/08/2012 00:00:00,8.8700,8.8940,8.8310,8.8900,2849878
21/08/2012 00:00:00,8.8640,8.8790,8.8430,8.8560,2586998
20/08/2012 00:00:00,8.8450,8.8800,8.8400,8.8500,1602612
17/08/2012 00:00:00,8.8040,8.8800,8.8000,8.8550,1889390
16/08/2012 00:00:00,8.8140,8.8240,8.7930,8.8150,1694911
15/08/2012 00:00:00,8.7530,8.8150,8.7400,8.8050,1238153
14/08/2012 00:00:00,8.7700,8.8000,8.7430,8.7430,4307527
13/08/2012 00:00:00,8.8310,8.9050,8.7770,8.8200,2215897
10/08/2012 00:00:00,8.8700,8.8800,8.8670,8.8710,1179339
09/08/2012 00:00:00,8.8800,8.8860,8.8700,8.8770,937015
08/08/2012 00:00:00,8.8500,8.8910,8.8500,8.8820,1794670
07/08/2012 00:00:00,8.8110,8.8700,8.8110,8.8700,1382225
06/08/2012 00:00:00,8.8100,8.8430,8.7940,8.8300,1570310
03/08/2012 00:00:00,8.7500,8.8240,8.7400,8.8050,1788265
02/08/2012 00:00:00,8.8000,8.8300,8.6970,8.7050,4999764
01/08/2012 00:00:00,8.8460,8.8590,8.8120,8.8200,1826790
31/07/2012 00:00:00,8.8200,8.8570,8.8100,8.8140,1346581
30/07/2012 00:00:00,8.8930,8.9030,8.8090,8.8500,1660807
27/07/2012 00:00:00,8.8950,8.9180,8.8000,8.8120,2398220
26/07/2012 00:00:00,8.8500,8.9000,8.8020,8.8990,2347024
25/07/2012 00:00:00,8.8640,8.8750,8.8110,8.8410,1779066
24/07/2012 00:00:00,8.8300,8.8970,8.7760,8.8300,4887176
23/07/2012 00:00:00,8.9800,9.0000,8.8000,8.8310,6346823
20/07/2012 00:00:00,9.0600,9.0790,8.9490,9.0070,4008263
19/07/2012 00:00:00,9.1000,9.1000,9.0500,9.0500,2133981
18/07/2012 00:00:00,9.1000,9.1110,9.0710,9.0710,1063586
17/07/2012 00:00:00,9.1100,9.1100,9.0550,9.0900,1589735
16/07/2012 00:00:00,9.0700,9.0990,9.0070,9.0800,7554741
13/07/2012 00:00:00,9.2260,9.2300,9.1720,9.2050,4669939
12/07/2012 00:00:00,9.1970,9.2330,9.1700,9.1880,3026839
11/07/2012 00:00:00,9.2320,9.2380,9.1900,9.2000,3531769
10/07/2012 00:00:00,9.2250,9.2490,9.2200,9.2350,2113153
09/07/2012 00:00:00,9.2200,9.2490,9.2200,9.2450,1407719
06/07/2012 00:00:00,9.2500,9.2540,9.2120,9.2200,2279327
05/07/2012 00:00:00,9.2600,9.2600,9.2340,9.2520,2035115
04/07/2012 00:00:00,9.2600,9.2690,9.2500,9.2500,1093202
03/07/2012 00:00:00,9.2400,9.2800,9.2300,9.2550,1994949
02/07/2012 00:00:00,9.2510,9.2560,9.2060,9.2400,1951723
29/06/2012 00:00:00,9.2390,9.2590,9.2040,9.2390,2439350
28/06/2012 00:00:00,9.2100,9.2110,9.1810,9.2050,1971458
27/06/2012 00:00:00,9.2200,9.2200,9.1890,9.1960,1567657
26/06/2012 00:00:00,9.2290,9.2350,9.1990,9.2000,2201064
25/06/2012 00:00:00,9.2060,9.2470,9.2060,9.2150,2693096
22/06/2012 00:00:00,9.2100,9.2340,9.2000,9.2250,4111192
21/06/2012 00:00:00,9.3400,9.3400,9.1610,9.2280,5680077
20/06/2012 00:00:00,9.1700,9.1700,9.1400,9.1600,3368560
19/06/2012 00:00:00,9.1390,9.1660,9.1060,9.1550,3735985
18/06/2012 00:00:00,9.0200,9.1130,9.0200,9.0920,3057910
15/06/2012 00:00:00,8.9270,9.0300,8.9200,8.9900,4160478
14/06/2012 00:00:00,8.9250,8.9670,8.8810,8.9400,2454580
13/06/2012 00:00:00,8.8910,8.9710,8.8780,8.9230,2703142
12/06/2012 00:00:00,8.9550,9.0000,8.9180,8.9200,2711443
11/06/2012 00:00:00,9.1020,9.1020,8.9900,9.0000,2642858
08/06/2012 00:00:00,8.9800,9.0180,8.9700,8.9910,1966721
07/06/2012 00:00:00,8.9810,9.0640,8.9620,9.0100,2526827
06/06/2012 00:00:00,8.9200,9.0340,8.9200,9.0000,3026981
05/06/2012 00:00:00,8.8660,8.9900,8.8660,8.9680,1672936
04/06/2012 00:00:00,8.8000,8.9350,8.8000,8.8850,1459231
01/06/2012 00:00:00,8.9830,9.0150,8.8800,8.9180,3169267
31/05/2012 00:00:00,9.0140,9.0600,8.9810,9.0000,5573123
30/05/2012 00:00:00,8.9700,9.0070,8.9110,8.9850,2783724
29/05/2012 00:00:00,8.9800,9.0450,8.9400,9.0000,2363557
28/05/2012 00:00:00,8.9250,8.9900,8.8990,8.9670,1319965
25/05/2012 00:00:00,8.8710,8.9020,8.8660,8.9000,2997582
24/05/2012 00:00:00,8.8510,8.8940,8.8120,8.8800,2841678
23/05/2012 00:00:00,8.9100,8.9300,8.7630,8.8000,5381189
22/05/2012 00:00:00,8.9150,8.9900,8.9150,8.9660,3634536
21/05/2012 00:00:00,8.8200,8.9290,8.8000,8.9150,3035457
18/05/2012 00:00:00,8.7000,8.8490,8.6500,8.8010,5730369
17/05/2012 00:00:00,8.9750,8.9750,8.7140,8.7200,7963232
16/05/2012 00:00:00,9.0500,9.0610,8.9680,8.9900,6043746
15/05/2012 00:00:00,9.1060,9.1060,9.0500,9.0700,3551248
14/05/2012 00:00:00,9.1400,9.1500,9.0600,9.0800,2315605
11/05/2012 00:00:00,9.1000,9.1530,9.0910,9.1400,2565298
10/05/2012 00:00:00,9.0740,9.1200,9.0240,9.1000,6038924
09/05/2012 00:00:00,9.1400,9.1530,9.0390,9.0800,8834447
08/05/2012 00:00:00,9.1600,9.1780,9.1400,9.1400,3015800
07/05/2012 00:00:00,9.1700,9.1780,9.1600,9.1640,1723173
04/05/2012 00:00:00,9.1900,9.1960,9.1690,9.1810,1784636
03/05/2012 00:00:00,9.1700,9.1940,9.1700,9.1860,1653689
02/05/2012 00:00:00,9.1600,9.1900,9.1600,9.1700,2833348
30/04/2012 00:00:00,9.1720,9.1910,9.1550,9.1600,1953629
27/04/2012 00:00:00,9.1750,9.1900,9.1450,9.1850,2967132
26/04/2012 00:00:00,9.1910,9.1950,9.1750,9.1800,3495627
25/04/2012 00:00:00,9.2000,9.2050,9.1900,9.1930,1192990
24/04/2012 00:00:00,9.2010,9.2060,9.1900,9.1970,2156708
23/04/2012 00:00:00,9.2150,9.2200,9.1930,9.2010,4821608
20/04/2012 00:00:00,9.2430,9.2430,9.2150,9.2200,3843939
19/04/2012 00:00:00,9.2350,9.2560,9.2200,9.2250,1425894
18/04/2012 00:00:00,9.2500,9.2510,9.2200,9.2200,1640712
17/04/2012 00:00:00,9.2300,9.2500,9.2200,9.2500,2017451
16/04/2012 00:00:00,9.2300,9.2800,9.2210,9.2250,3049710
13/04/2012 00:00:00,9.2350,9.2500,9.2300,9.2450,1922054
12/04/2012 00:00:00,9.2200,9.2580,9.2150,9.2500,3457707
11/04/2012 00:00:00,9.2400,9.2540,9.2200,9.2250,3046130
10/04/2012 00:00:00,9.2450,9.2550,9.2400,9.2400,2891622
05/04/2012 00:00:00,9.2500,9.2760,9.2460,9.2500,3657172
04/04/2012 00:00:00,9.2600,9.2770,9.2500,9.2520,2884543
03/04/2012 00:00:00,9.2510,9.2800,9.2510,9.2650,1719509
02/04/2012 00:00:00,9.2600,9.2790,9.2400,9.2670,5252876
30/03/2012 00:00:00,9.2510,9.2800,9.2500,9.2600,3934883
29/03/2012 00:00:00,9.2500,9.2690,9.2480,9.2510,4226170
28/03/2012 00:00:00,9.2800,9.2840,9.2540,9.2570,3657529
27/03/2012 00:00:00,9.3000,9.3100,9.2720,9.2750,3098110
26/03/2012 00:00:00,9.2950,9.3130,9.2840,9.3050,2326781
23/03/2012 00:00:00,9.2900,9.3280,9.2730,9.2990,2201327
22/03/2012 00:00:00,9.4200,9.4500,9.2700,9.2700,18558159
21/03/2012 00:00:00,9.4250,9.4420,9.4100,9.4220,4173113
20/03/2012 00:00:00,9.4500,9.4500,9.4110,9.4200,5770435
19/03/2012 00:00:00,9.4700,9.5400,9.4230,9.4430,17436087
16/03/2012 00:00:00,9.2470,9.3450,9.2010,9.3450,3650028
15/03/2012 00:00:00,9.1820,9.2290,9.1700,9.2290,3145112
14/03/2012 00:00:00,9.2710,9.2980,9.1720,9.1800,3544140
13/03/2012 00:00:00,9.2500,9.3490,9.2000,9.2200,4321223
12/03/2012 00:00:00,9.3460,9.4400,9.3160,9.3210,1412242
09/03/2012 00:00:00,9.5000,9.5360,9.3700,9.3700,3827960
08/03/2012 00:00:00,9.2210,9.3690,9.2210,9.3220,1664923
07/03/2012 00:00:00,9.3040,9.3090,9.2070,9.2600,4892624
06/03/2012 00:00:00,9.3500,9.3710,9.2500,9.3090,5375701
05/03/2012 00:00:00,9.4770,9.4770,9.3520,9.3700,1989710
02/03/2012 00:00:00,9.4200,9.5250,9.3500,9.4250,1849001
01/03/2012 00:00:00,9.3200,9.4160,9.3200,9.3880,3009707
29/02/2012 00:00:00,9.3300,9.3870,9.3000,9.3510,4236478
28/02/2012 00:00:00,9.3700,9.4120,9.2700,9.3090,4368900
27/02/2012 00:00:00,9.3500,9.4050,9.1500,9.3360,8317320
24/02/2012 00:00:00,9.4100,9.5000,9.3220,9.3900,10698430
23/02/2012 00:00:00,9.7500,9.8360,9.4900,9.5000,12596451
22/02/2012 00:00:00,9.8100,9.9100,9.7090,9.8100,9783702
21/02/2012 00:00:00,10.0000,10.1150,9.8240,9.8860,12806601
20/02/2012 00:00:00,9.9000,10.2400,9.7210,10.1800,24395556
17/02/2012 00:00:00,6.2700,6.3900,6.1900,6.3430,951310
16/02/2012 00:00:00,6.1570,6.1830,6.0550,6.1810,573943
15/02/2012 00:00:00,6.1430,6.2040,6.1170,6.1590,636907
14/02/2012 00:00:00,6.2760,6.3040,6.1040,6.1120,889862
13/02/2012 00:00:00,6.3310,6.3760,6.2780,6.3140,360745
10/02/2012 00:00:00,6.4400,6.4540,6.2270,6.3000,630595
09/02/2012 00:00:00,6.5000,6.5100,6.4290,6.4640,611019
08/02/2012 00:00:00,6.5730,6.5790,6.4610,6.4700,923468
07/02/2012 00:00:00,6.4880,6.5620,6.3640,6.5370,1306058
06/02/2012 00:00:00,6.1900,6.3280,6.1800,6.3270,1088223
03/02/2012 00:00:00,6.1760,6.2240,6.0980,6.2240,1251387
02/02/2012 00:00:00,6.3970,6.3990,6.1660,6.1920,1366140
01/02/2012 00:00:00,6.4400,6.4510,6.3050,6.3420,713991
31/01/2012 00:00:00,6.3010,6.4990,6.3000,6.3980,837900
30/01/2012 00:00:00,6.2870,6.3630,6.1890,6.3240,1117303
27/01/2012 00:00:00,6.3030,6.4190,6.2350,6.3300,1041779
26/01/2012 00:00:00,6.0890,6.3530,6.0800,6.2790,846264
25/01/2012 00:00:00,6.4000,6.5500,5.9600,6.1500,1996342
24/01/2012 00:00:00,6.3000,6.3400,6.1850,6.2980,833639
23/01/2012 00:00:00,6.1500,6.3840,6.1400,6.3150,1251987
20/01/2012 00:00:00,6.5400,6.5400,6.0630,6.1200,1413981
19/01/2012 00:00:00,6.1700,6.5230,6.1110,6.5000,1136309
18/01/2012 00:00:00,6.2930,6.4080,6.1420,6.1670,1308127
17/01/2012 00:00:00,6.3830,6.4250,6.2140,6.2730,1202754
16/01/2012 00:00:00,6.0390,6.3780,6.0050,6.3320,1092787
13/01/2012 00:00:00,6.0940,6.1200,5.9450,6.0000,1196310
12/01/2012 00:00:00,6.0800,6.1320,6.0000,6.0440,829035
11/01/2012 00:00:00,6.0000,6.0480,5.9200,6.0220,1471698
10/01/2012 00:00:00,6.2010,6.3300,5.9000,5.9740,2246018
09/01/2012 00:00:00,6.2140,6.5290,6.1550,6.2850,1206164
06/01/2012 00:00:00,5.9500,6.0790,5.8700,6.0500,687503
05/01/2012 00:00:00,6.0000,6.0040,5.8470,5.8980,916220
04/01/2012 00:00:00,5.9280,6.0210,5.9080,5.9920,814809
03/01/2012 00:00:00,6.0000,6.0420,5.8760,5.9570,696404
02/01/2012 00:00:00,5.7440,5.9900,5.7440,5.9600,267642
30/12/2011 00:00:00,5.7800,5.8090,5.7150,5.7740,324303
29/12/2011 00:00:00,5.7000,5.7700,5.6740,5.7660,331610
28/12/2011 00:00:00,5.7500,5.7800,5.6390,5.7160,488835
27/12/2011 00:00:00,5.6700,5.8070,5.6560,5.7950,316449
23/12/2011 00:00:00,5.7060,5.7200,5.6250,5.6890,253694
22/12/2011 00:00:00,5.7190,5.7580,5.6600,5.6950,401641
21/12/2011 00:00:00,5.8900,5.9370,5.6410,5.6760,749327
20/12/2011 00:00:00,5.6550,5.9000,5.6160,5.8900,972171
19/12/2011 00:00:00,5.5690,5.6910,5.5510,5.6590,460068
16/12/2011 00:00:00,5.6000,5.6930,5.5930,5.6120,1057157
15/12/2011 00:00:00,5.4190,5.6370,5.4060,5.6020,634756
14/12/2011 00:00:00,5.4760,5.5850,5.4370,5.4500,604693
13/12/2011 00:00:00,5.4300,5.6690,5.4000,5.5990,628370
12/12/2011 00:00:00,5.5440,5.5480,5.3890,5.4430,813583
09/12/2011 00:00:00,5.4100,5.7360,5.4100,5.5280,1390718
08/12/2011 00:00:00,6.0500,6.0600,5.6150,5.6500,949939
07/12/2011 00:00:00,5.8970,6.0430,5.8060,5.9860,1513744
06/12/2011 00:00:00,5.6520,5.8640,5.6510,5.8170,1009876
05/12/2011 00:00:00,5.6270,5.8290,5.5910,5.7980,920436
02/12/2011 00:00:00,5.5990,5.7000,5.5600,5.5820,859078
01/12/2011 00:00:00,5.3580,5.6840,5.3220,5.5800,1711123
30/11/2011 00:00:00,4.8960,5.3530,4.8960,5.3530,1873920
29/11/2011 00:00:00,4.9680,5.0090,4.8610,4.9860,1047965
28/11/2011 00:00:00,4.8500,5.1210,4.8500,4.9800,1104411
25/11/2011 00:00:00,4.7900,4.8130,4.7610,4.7880,1383600
24/11/2011 00:00:00,4.6940,5.0340,4.6700,4.8050,906906
23/11/2011 00:00:00,4.5870,4.7340,4.5600,4.6850,1489294
22/11/2011 00:00:00,4.7810,4.7860,4.6300,4.6400,983321
21/11/2011 00:00:00,5.0000,5.0010,4.6790,4.7240,1812641
18/11/2011 00:00:00,4.9690,5.0200,4.9380,5.0000,1698392
17/11/2011 00:00:00,5.0000,5.0500,4.9540,5.0000,1191527
16/11/2011 00:00:00,4.9850,5.0770,4.9490,5.0290,988258
15/11/2011 00:00:00,4.9730,5.0210,4.8740,5.0000,771019
14/11/2011 00:00:00,5.0500,5.0800,4.9480,4.9990,657293
11/11/2011 00:00:00,5.0500,5.1080,4.9760,5.0300,2240255
10/11/2011 00:00:00,4.9640,5.1160,4.8180,5.0800,782156
09/11/2011 00:00:00,5.3590,5.3590,5.0600,5.0850,1194772
08/11/2011 00:00:00,5.3100,5.4120,5.2920,5.3100,1834675
07/11/2011 00:00:00,5.3000,5.3950,5.2000,5.3390,1099924
04/11/2011 00:00:00,5.5380,5.5680,5.1160,5.3010,1623391
03/11/2011 00:00:00,5.4600,5.6250,5.4150,5.5010,944192
02/11/2011 00:00:00,5.6620,5.7040,5.5010,5.5370,1277099
01/11/2011 00:00:00,5.9000,5.9900,5.5520,5.6050,1173351
31/10/2011 00:00:00,5.8500,6.3690,5.7900,6.1730,1732318
28/10/2011 00:00:00,5.8500,5.9300,5.7500,5.8790,1219363
27/10/2011 00:00:00,5.8010,5.8900,5.7300,5.8010,1089854
26/10/2011 00:00:00,5.5400,5.6500,5.5400,5.6060,905747
25/10/2011 00:00:00,5.5030,5.6070,5.4400,5.5300,852929
24/10/2011 00:00:00,5.4800,5.5270,5.4100,5.5020,1417384
21/10/2011 00:00:00,5.5230,5.6820,5.4910,5.6500,922324
20/10/2011 00:00:00,5.5300,5.6660,5.4910,5.5000,1042104
19/10/2011 00:00:00,5.5000,5.7550,5.4640,5.6720,1055748
18/10/2011 00:00:00,5.3120,5.5020,5.2550,5.4600,1296465
17/10/2011 00:00:00,5.2000,5.4200,5.1850,5.3790,1533154
14/10/2011 00:00:00,5.1850,5.1850,5.0020,5.1630,1471070
13/10/2011 00:00:00,5.2760,5.3090,5.1370,5.1500,1969354
12/10/2011 00:00:00,5.2150,5.3880,5.1640,5.3110,1421745
11/10/2011 00:00:00,5.2390,5.2910,5.1500,5.2080,784936
10/10/2011 00:00:00,5.1820,5.2900,5.1100,5.2470,986998
07/10/2011 00:00:00,4.9900,5.3930,4.8500,5.1500,2550462
06/10/2011 00:00:00,4.6990,5.0260,4.4600,5.0260,4086390
05/10/2011 00:00:00,4.8100,4.8610,4.7010,4.8550,1627437
04/10/2011 00:00:00,4.8260,4.8260,4.6300,4.7300,1837401
03/10/2011 00:00:00,5.1000,5.1070,4.7520,4.8400,2529760
30/09/2011 00:00:00,5.3500,5.3730,5.2000,5.2190,1716994
29/09/2011 00:00:00,5.4800,5.5480,5.3500,5.5210,2075281
28/09/2011 00:00:00,5.4060,5.6440,5.4060,5.5190,933267
27/09/2011 00:00:00,5.3500,5.4890,5.2290,5.4700,1393450
26/09/2011 00:00:00,5.0870,5.4070,5.0600,5.2000,2012583
22/09/2011 00:00:00,5.8740,5.8900,5.4680,5.4680,1553876
21/09/2011 00:00:00,6.0930,6.1290,6.0030,6.0130,879951
20/09/2011 00:00:00,6.1500,6.2320,5.9520,6.0520,1322640
19/09/2011 00:00:00,6.2310,6.3400,6.1390,6.2440,924864
16/09/2011 00:00:00,6.2010,6.3500,6.1690,6.2600,2196278
15/09/2011 00:00:00,6.2070,6.2880,6.1310,6.1450,1882251
14/09/2011 00:00:00,6.0100,6.2100,5.9890,6.1600,2678766
13/09/2011 00:00:00,6.1720,6.2640,5.9750,6.0920,3258241
12/09/2011 00:00:00,5.9900,6.1810,5.8260,6.0910,2512551
09/09/2011 00:00:00,6.1500,6.2220,6.0650,6.1620,1587352
08/09/2011 00:00:00,6.3900,6.3900,6.1150,6.1850,1385255
07/09/2011 00:00:00,6.3170,6.3710,6.1470,6.3340,1424589
06/09/2011 00:00:00,6.0740,6.3100,6.0600,6.1800,1509102
05/09/2011 00:00:00,6.3850,6.4550,6.0600,6.0780,1256911
02/09/2011 00:00:00,6.5650,6.6600,6.3700,6.5450,1073477
01/09/2011 00:00:00,6.5100,6.7220,6.4140,6.6840,1062185
31/08/2011 00:00:00,6.3420,6.6970,6.3420,6.5100,2315196
30/08/2011 00:00:00,6.5000,6.5000,6.1930,6.2950,1541522
29/08/2011 00:00:00,6.4480,6.4810,6.3410,6.3410,685585
26/08/2011 00:00:00,6.1990,6.3490,6.1420,6.3340,778788
25/08/2011 00:00:00,6.2690,6.3850,6.1650,6.2320,1943807
24/08/2011 00:00:00,6.1510,6.3200,6.0290,6.1800,1617488
23/08/2011 00:00:00,6.2360,6.2770,6.0160,6.0310,1043007
22/08/2011 00:00:00,6.1920,6.4800,6.1630,6.1770,816368
19/08/2011 00:00:00,6.2900,6.4000,6.1200,6.2030,1502414
18/08/2011 00:00:00,6.7800,6.8850,6.1800,6.3210,1386613
17/08/2011 00:00:00,6.7490,7.0010,6.6700,6.9220,663975
16/08/2011 00:00:00,6.9600,7.0430,6.7910,6.8250,888972
15/08/2011 00:00:00,7.0600,7.2400,7.0310,7.0600,686450
12/08/2011 00:00:00,6.6670,7.1490,6.5860,7.0260,1161288
11/08/2011 00:00:00,6.4300,6.7220,6.1990,6.6590,1872711
10/08/2011 00:00:00,6.5880,6.5990,6.1510,6.2340,3196044
09/08/2011 00:00:00,6.6300,6.9900,6.1100,6.4480,2347021
08/08/2011 00:00:00,6.7830,7.0160,6.5570,6.6280,2850792
05/08/2011 00:00:00,6.7750,7.0500,6.7200,6.8300,2394755
04/08/2011 00:00:00,7.5920,7.6400,6.9940,7.0160,2310751
03/08/2011 00:00:00,7.5150,7.8340,7.4600,7.5250,2814128
02/08/2011 00:00:00,7.4400,7.7000,7.3300,7.6500,2846499
01/08/2011 00:00:00,7.2500,7.6000,7.2480,7.2530,3534640
29/07/2011 00:00:00,6.9500,7.1240,6.8010,7.0500,1553635
28/07/2011 00:00:00,7.0270,7.1650,7.0000,7.1500,907043
27/07/2011 00:00:00,7.1600,7.1800,7.0600,7.1170,1652779
26/07/2011 00:00:00,7.1560,7.1650,7.0600,7.1040,972597
25/07/2011 00:00:00,7.0730,7.1930,7.0500,7.1560,599971
22/07/2011 00:00:00,7.1500,7.1890,7.0940,7.1300,1077453
21/07/2011 00:00:00,7.1140,7.1610,6.9920,7.1500,2098670
20/07/2011 00:00:00,7.2000,7.2000,7.1200,7.1330,1670502
19/07/2011 00:00:00,7.1300,7.2110,7.1000,7.1420,2059132
18/07/2011 00:00:00,7.1390,7.1790,7.0800,7.1270,2891843
15/07/2011 00:00:00,7.1500,7.1770,7.0990,7.1530,1437949
14/07/2011 00:00:00,7.0490,7.1730,7.0220,7.1340,1552601
13/07/2011 00:00:00,7.1540,7.2000,7.0800,7.1720,1322794
12/07/2011 00:00:00,7.1260,7.1980,7.0440,7.1420,2040165
11/07/2011 00:00:00,7.0500,7.2000,7.0230,7.1660,1626593
08/07/2011 00:00:00,7.2290,7.2290,7.0500,7.1300,1760163
07/07/2011 00:00:00,7.1100,7.1630,7.1000,7.1400,1221487
06/07/2011 00:00:00,7.1500,7.1990,7.0530,7.1000,2493696
05/07/2011 00:00:00,7.2510,7.3020,7.0060,7.0200,2315747
04/07/2011 00:00:00,7.3500,7.3650,7.3120,7.3120,610337
01/07/2011 00:00:00,7.1100,7.3440,7.1010,7.3200,1632859
30/06/2011 00:00:00,7.0810,7.1750,7.0500,7.1520,2343010
29/06/2011 00:00:00,7.0000,7.1260,6.9600,7.1200,2066643
28/06/2011 00:00:00,7.1060,7.2140,6.9020,6.9180,2415325
27/06/2011 00:00:00,7.2500,7.3120,7.0680,7.0700,1019366
24/06/2011 00:00:00,7.4190,7.4550,7.2310,7.2430,1059532
23/06/2011 00:00:00,7.3970,7.3970,7.2620,7.2870,1507542
22/06/2011 00:00:00,7.3880,7.5230,7.2400,7.4550,2838011
21/06/2011 00:00:00,7.2500,7.4200,7.1880,7.2800,1739722
20/06/2011 00:00:00,7.1500,7.1900,7.0440,7.1040,3156546
17/06/2011 00:00:00,7.4340,7.4580,7.0300,7.2500,5820027
16/06/2011 00:00:00,7.9890,7.9890,7.4040,7.4800,4806296
15/06/2011 00:00:00,8.2460,8.2800,7.8660,7.9000,1622225
14/06/2011 00:00:00,8.0510,8.2830,8.0510,8.2220,1979698
13/06/2011 00:00:00,8.0300,8.1820,7.9890,8.0310,2861831
10/06/2011 00:00:00,8.3260,8.4680,8.0070,8.1350,3058863
09/06/2011 00:00:00,8.7000,8.7000,8.4100,8.4700,2700973
08/06/2011 00:00:00,8.9000,9.0090,8.6150,8.7000,3697364
07/06/2011 00:00:00,9.3000,9.3500,9.0860,9.1100,1573694
06/06/2011 00:00:00,9.4000,9.4900,9.3040,9.3500,1489907
03/06/2011 00:00:00,9.6400,9.6400,9.3680,9.4000,2931146
02/06/2011 00:00:00,9.5000,9.5500,9.3070,9.5000,2592540
01/06/2011 00:00:00,9.7700,9.8100,9.5500,9.6500,3098021
31/05/2011 00:00:00,9.7000,9.8490,9.6010,9.8490,3677010
30/05/2011 00:00:00,10.0300,10.2000,9.5930,9.7050,1842417
27/05/2011 00:00:00,9.5490,10.0000,9.5200,10.0000,5553996
26/05/2011 00:00:00,8.9000,9.5810,8.9000,9.4500,10434732
25/05/2011 00:00:00,8.9000,9.5810,8.9000,0.0800,10434732
